0.000000 -0.000000 -0.000000 -0.000000 -0.000000 -0.000000 -0.000000 -0.000000 0.000000
0.010000 -0.000000 -0.000000 -0.000000 -0.000000 -0.000000 -0.000000 0.000000 0.000000
0.020000 -0.000000 -0.000000 -0.000000 -0.000000 -0.000000 -0.000000 -0.000000 0.000000
0.030000 -0.000000 -0.000000 -0.000000 -0.000000 -0.000000 -0.000000 -0.000000 0.000000
0.040000 -0.000000 -0.000000 -0.000000 -0.000000 -0.000000 -0.000000 -0.000000 0.000000
0.050000 -0.000000 -0.000000 -0.000000 -0.000000 -0.000000 -0.000000 -0.000000 0.000000
0.060000 -0.000000 -0.000000 -0.000000 0.000000 -0.000000 -0.000000 -0.000000 0.000000
0.070000 -0.000000 -0.000000 -0.000000 0.000000 -0.000000 -0.000000 -0.000000 0.000000
0.080000 0.000000 -0.000000 -0.000000 0.000000 -0.000000 -0.000000 -0.000000 0.000000
0.090000 0.000000 -0.000000 -0.000000 0.000000 -0.000000 -0.000000 -0.000000 0.000000
0.100000 0.000000 -0.000000 -0.000000 0.000000 -0.000000 -0.000000 -0.000000 0.000000
0.110000 0.000000 -0.000000 -0.000000 0.000000 -0.000000 -0.000000 -0.000000 0.000000
0.120000 0.000000 -0.000000 -0.000000 0.000000 -0.000000 -0.000000 -0.000000 0.000000
0.130000 0.000000 -0.000000 -0.000000 0.000000 -0.000000 -0.000000 -0.000000 0.000000
0.140000 0.000000 -0.000000 -0.000000 0.000000 -0.000000 -0.000000 -0.000000 0.000000
0.150000 0.000000 -0.000000 -0.000000 0.000000 -0.000000 -0.000000 -0.000000 0.000000
0.160000 0.000000 -0.000000 -0.000000 0.000000 -0.000000 -0.000000 -0.000000 0.000000
0.170000 0.000000 -0.000000 -0.000000 0.000000 -0.000000 -0.000000 -0.000000 0.000000
0.180000 0.000000 -0.000000 -0.000000 0.000000 -0.000000 -0.000000 -0.000000 0.000000
0.190000 0.000000 -0.000000 -0.000000 0.000000 -0.000000 -0.000000 -0.000000 0.000000
0.200000 0.000000 -0.000000 0.000000 0.000000 -0.000000 -0.000000 -0.000000 0.000000
0.210000 0.000000 -0.000000 0.000000 0.000000 -0.000000 -0.000000 -0.000000 0.000000
0.220000 0.000000 -0.000000 0.000000 0.000000 -0.000000 -0.000000 -0.000000 0.000000
0.230000 0.000000 -0.000000 0.000000 0.000000 -0.000000 -0.000000 -0.000000 0.000000
0.240000 0.000000 -0.000000 0.000000 0.000000 -0.000000 -0.000000 -0.000000 0.000000
0.250000 0.000000 -0.000000 0.000000 0.000000 -0.000000 -0.000000 -0.000000 0.000000
0.260000 0.000000 -0.000000 0.000000 0.000000 -0.000000 -0.000000 -0.000000 0.000000
0.270000 0.000000 -0.000000 0.000000 0.000000 -0.000000 -0.000000 -0.000000 0.000000
0.280000 0.000000 -0.000000 0.000000 0.000000 -0.000000 -0.000000 0.000000 0.000000
0.290000 0.000000 -0.000000 0.000000 0.000000 -0.000000 -0.000000 0.000000 0.000000
0.300000 0.000000 -0.000000 0.000000 0.000000 -0.000000 -0.000000 0.000000 0.000000
0.310000 0.000000 -0.000000 0.000000 0.000000 -0.000000 -0.000000 0.000000 0.000000
0.320000 0.000000 -0.000000 0.000000 0.000000 -0.000000 -0.000000 0.000000 0.000000
0.330000 0.000000 -0.000000 0.000000 0.000000 -0.000000 -0.000000 0.000000 0.000000
0.340000 0.000000 -0.000000 0.000000 -0.000000 -0.000000 -0.000000 0.000000 0.000000
0.350000 0.000000 -0.000000 0.000000 -0.000000 -0.000000 -0.000000 0.000000 0.000000
0.360000 0.000000 -0.000000 0.000000 -0.000000 -0.000000 -0.000000 0.000000 0.000000
0.370000 0.000000 -0.000000 0.000000 -0.000000 -0.000000 -0.000000 0.000000 0.000000
0.380000 0.000000 -0.000000 0.000000 -0.000000 -0.000000 -0.000000 0.000000 0.000000
0.390000 0.000000 -0.000000 0.000000 -0.000000 -0.000000 -0.000000 0.000000 0.000000
0.400000 0.000000 -0.000000 0.000000 -0.000000 -0.000000 -0.000000 0.000000 0.000000
0.410000 0.000000 -0.000000 0.000000 -0.000000 -0.000000 -0.000000 0.000000 0.000000
0.420000 0.000000 -0.000000 0.000000 -0.000000 -0.000000 -0.000000 0.000000 0.000000
0.430000 0.000000 -0.000000 0.000000 -0.000000 -0.000000 -0.000000 0.000000 0.000000
0.440000 0.000000 -0.000000 0.000000 -0.000000 -0.000000 -0.000000 0.000000 0.000000
0.450000 0.000000 -0.000000 0.000000 -0.000000 -0.000000 -0.000000 0.000000 0.000000
0.460000 0.000000 -0.000000 0.000000 -0.000000 -0.000000 -0.000000 0.000000 0.000000
0.470000 0.000000 -0.000000 0.000000 -0.000000 -0.000000 -0.000000 0.000000 0.000000
0.480000 0.000000 -0.000000 0.000000 -0.000000 -0.000000 -0.000000 0.000000 0.000000
0.490000 0.000000 -0.000000 0.000000 -0.000000 -0.000000 -0.000000 0.000000 0.000000
0.500000 0.000000 -0.000000 0.000000 -0.000000 -0.000000 -0.000000 0.000000 0.000000
0.510000 0.000000 -0.000000 0.000000 -0.000000 -0.000000 -0.000000 0.000000 0.000000
0.520000 0.000000 -0.000000 0.000000 -0.000000 -0.000000 -0.000000 0.000000 0.000000
0.530000 0.000000 -0.000000 0.000000 -0.000000 -0.000000 -0.000000 0.000000 0.000000
0.540000 0.000000 -0.000000 0.000000 -0.000000 -0.000000 -0.000000 0.000000 0.000000
0.550000 0.000000 -0.000000 0.000000 -0.000000 -0.000000 -0.000000 0.000000 0.000000
0.560000 0.000000 -0.000000 0.000000 -0.000000 -0.000000 -0.000000 0.000000 0.000000
0.570000 0.000000 -0.000000 0.000000 -0.000000 -0.000000 -0.000000 0.000000 0.000000
0.580000 0.000000 -0.000000 0.000000 -0.000000 -0.000000 -0.000000 0.000000 0.000000
0.590000 0.000000 -0.000000 0.000000 -0.000000 -0.000000 -0.000000 0.000000 0.000000
0.600000 0.000000 -0.000000 0.000000 -0.000000 -0.000000 -0.000000 0.000000 0.000000
0.610000 0.000000 -0.000000 0.000000 -0.000000 -0.000000 -0.000000 0.000000 0.000000
0.620000 0.000000 -0.000000 0.000000 -0.000000 -0.000000 -0.000000 0.000000 0.000000
0.630000 0.000000 -0.000000 0.000000 -0.000000 -0.000000 -0.000000 0.000000 0.000000
0.640000 0.000000 -0.000000 0.000000 -0.000000 -0.000000 -0.000000 0.000000 0.000000
0.650000 0.000000 0.000000 0.000000 -0.000000 -0.000000 -0.000000 0.000000 0.000000
0.660000 0.000000 0.000000 0.000000 -0.000000 -0.000000 -0.000000 0.000000 0.000000
0.670000 0.000000 0.000000 0.000000 -0.000000 -0.000000 -0.000000 0.000000 0.000000
0.680000 0.000000 0.000000 0.000000 -0.000000 -0.000000 -0.000000 0.000000 0.000000
0.690000 0.000000 0.000000 -0.000000 -0.000000 -0.000000 -0.000000 0.000000 0.000000
0.700000 0.000000 0.000000 -0.000000 -0.000000 -0.000000 -0.000000 0.000000 0.000000
0.710000 0.000000 0.000000 -0.000000 -0.000000 -0.000000 -0.000000 0.000000 0.000000
0.720000 0.000000 0.000000 -0.000000 -0.000000 -0.000000 -0.000000 0.000000 0.000000
0.730000 0.000000 0.000000 -0.000000 -0.000000 -0.000000 -0.000000 0.000000 0.000000
0.740000 0.000000 0.000000 -0.000000 -0.000000 -0.000000 -0.000000 0.000000 0.000000
0.750000 0.000000 -0.000000 -0.000000 -0.000000 -0.000000 -0.000000 0.000000 0.000000
0.760000 0.000000 -0.000000 -0.000000 -0.000000 -0.000000 -0.000000 0.000000 0.000000
0.770000 0.000000 -0.000000 -0.000000 -0.000000 -0.000000 -0.000000 0.000000 0.000000
0.780000 0.000000 -0.000000 -0.000000 -0.000000 -0.000000 -0.000000 0.000000 0.000000
0.790000 0.000000 -0.000000 -0.000000 -0.000000 -0.000000 -0.000000 0.000000 0.000000
0.800000 0.000000 -0.000000 -0.000000 -0.000000 -0.000000 -0.000000 0.000000 0.000000
0.810000 0.000000 -0.000000 -0.000000 -0.000000 -0.000000 -0.000000 0.000000 0.000000
0.820000 0.000000 -0.000000 -0.000000 -0.000000 -0.000000 -0.000000 0.000000 0.000000
0.830000 0.000000 -0.000000 -0.000000 -0.000000 -0.000000 -0.000000 0.000000 0.000000
0.840000 0.000000 -0.000000 -0.000000 -0.000000 -0.000000 -0.000000 0.000000 0.000000
0.850000 0.000000 -0.000000 -0.000000 -0.000000 -0.000000 -0.000000 0.000000 0.000000
0.860000 0.000000 -0.000000 -0.000000 -0.000000 -0.000000 -0.000000 0.000000 0.000000
0.870000 0.000000 -0.000000 -0.000000 -0.000000 -0.000000 -0.000000 0.000000 0.000000
0.880000 0.000000 -0.000000 -0.000000 -0.000000 -0.000000 -0.000000 0.000000 0.000000
0.890000 0.000000 -0.000000 -0.000000 -0.000000 -0.000000 -0.000000 0.000000 0.000000
0.900000 0.000000 -0.000000 -0.000000 0.000000 -0.000000 -0.000000 0.000000 0.000000
0.910000 0.000000 -0.000000 -0.000000 -0.000000 -0.000000 -0.000000 0.000000 0.000000
0.920000 0.000000 -0.000000 -0.000000 -0.000000 -0.000000 -0.000000 0.000000 0.000000
0.930000 0.000000 -0.000000 -0.000000 -0.000000 -0.000000 -0.000000 0.000000 0.000000
0.940000 0.000000 -0.000000 -0.000000 -0.000000 -0.000000 -0.000000 0.000000 0.000000
0.950000 0.000000 -0.000000 -0.000000 -0.000000 -0.000000 -0.000000 0.000000 0.000000
0.960000 0.000000 -0.000000 -0.000000 -0.000000 -0.000000 -0.000000 0.000000 0.000000
0.970000 0.000000 -0.000000 -0.000000 -0.000000 -0.000000 -0.000000 0.000000 0.000000
0.980000 0.000000 -0.000000 -0.000000 0.000000 -0.000000 -0.000000 0.000000 0.000000
0.990000 0.000000 -0.000000 -0.000000 0.000000 -0.000000 -0.000000 0.000000 0.000000
1.000000 0.000000 -0.000000 -0.000000 0.000000 -0.000000 -0.000000 0.000000 0.000000
1.010000 1.000000 -0.000000 -0.000000 1.000000 0.000000 0.000000 0.000000 0.000000
1.020000 1.000000 -0.000000 1.000000 1.000000 0.000000 0.000000 0.000000 0.000000
1.030000 1.000000 0.010000 2.000000 0.950000 0.000000 0.000000 0.050000 0.000000
1.040000 1.000000 0.030000 2.950000 0.897500 0.000000 0.005556 0.102500 0.000000
1.050000 1.000000 0.059500 3.847500 0.845278 0.000056 0.016944 0.154722 0.000000
1.060000 1.000000 0.097975 4.692778 0.793611 0.000225 0.034136 0.206389 0.000000
1.070000 1.000000 0.144903 5.486389 0.742630 0.000566 0.057068 0.257370 0.000000
1.080000 1.000000 0.199767 6.229019 0.692450 0.001137 0.085665 0.307550 0.000000
1.090000 1.000000 0.262057 6.921469 0.643175 0.001994 0.119837 0.356825 0.000000
1.100000 1.000000 0.331272 7.564644 0.594903 0.003192 0.159484 0.405097 0.000000
1.110000 1.000000 0.406918 8.159547 0.547722 0.004787 0.204495 0.452278 0.000000
1.120000 1.000000 0.488513 8.707269 0.501715 0.006832 0.254748 0.498285 0.000000
1.130000 1.000000 0.575586 9.208983 0.456954 0.009379 0.310113 0.543046 0.000000
1.140000 1.000000 0.667676 9.665937 0.413505 0.012480 0.370451 0.586495 0.000000
1.150000 1.000000 0.764335 10.079442 0.371427 0.016185 0.435618 0.628573 0.000000
1.160000 1.000000 0.865130 10.450868 0.330771 0.020541 0.505459 0.669229 0.000000
1.170000 1.000000 0.969638 10.781640 0.291582 0.025596 0.579818 0.708418 0.000000
1.180000 1.000000 1.077455 11.073222 0.253898 0.031394 0.658531 0.746102 0.000000
1.190000 1.000000 1.188187 11.327120 0.217750 0.037979 0.741431 0.782250 0.000000
1.200000 1.000000 1.301458 11.544870 0.183164 0.045394 0.828348 0.816836 0.000000
1.210000 1.000000 1.416907 11.728034 0.150158 0.053677 0.919107 0.849842 0.000000
1.220000 1.000000 1.534187 11.878192 0.118746 0.062868 1.013534 0.881254 0.000000
1.230000 1.000000 1.652969 11.996938 0.088937 0.073003 1.111451 0.911063 0.000000
1.240000 1.000000 1.772939 12.085875 0.060734 0.084118 1.212681 0.939266 0.000000
1.250000 1.000000 1.893797 12.146609 0.034135 0.096245 1.317043 0.965865 0.000000
1.260000 1.000000 2.015263 12.180744 0.009134 0.109415 1.424362 0.990866 0.000000
1.270000 1.000000 2.137071 12.189878 -0.014281 0.123659 1.534458 1.014281 0.000000
1.280000 1.000000 2.258970 12.175597 -0.036124 0.139003 1.647156 1.036124 0.000000
1.290000 1.000000 2.380726 12.139473 -0.056414 0.155475 1.762281 1.056414 0.000000
1.300000 1.000000 2.502120 12.083059 -0.075172 0.173098 1.879660 1.075172 0.000000
1.310000 1.000000 2.622951 12.007887 -0.092426 0.191894 1.999124 1.092426 0.000000
1.320000 1.000000 2.743030 11.915461 -0.108202 0.211886 2.120504 1.108202 0.000000
1.330000 1.000000 2.862184 11.807259 -0.122534 0.233091 2.243638 1.122534 0.000000
1.340000 1.000000 2.980257 11.684725 -0.135455 0.255527 2.368364 1.135454 0.000000
1.350000 1.000000 3.097104 11.549270 -0.147001 0.279211 2.494525 1.147001 0.000000
1.360000 1.000000 3.212597 11.402270 -0.157211 0.304156 2.621970 1.157211 0.000000
1.370000 1.000000 3.326620 11.245059 -0.166125 0.330376 2.750549 1.166125 0.000000
1.380000 0.955297 3.439070 11.078934 -0.218490 0.357881 2.880118 1.173787 0.000000
1.390000 0.903020 3.549860 10.860444 -0.277218 0.386682 3.010539 1.180238 0.000000
1.400000 0.852398 3.658464 10.583226 -0.330892 0.416788 3.141677 1.183290 0.000000
1.410000 0.803379 3.764296 10.252334 -0.379118 0.448204 3.273153 1.182497 0.000000
1.420000 0.755912 3.866820 9.873217 -0.422070 0.480936 3.404542 1.177982 0.000000
1.430000 0.709949 3.965552 9.451147 -0.459955 0.514981 3.535429 1.169905 0.000000
1.440000 0.665445 4.060063 8.991192 -0.492984 0.550336 3.665418 1.158429 0.000000
1.450000 0.622349 4.149975 8.498208 -0.521372 0.586990 3.794132 1.143721 0.000000
1.460000 0.580617 4.234957 7.976836 -0.545334 0.624931 3.921212 1.125950 0.000000
1.470000 0.540205 4.314726 7.431502 -0.565083 0.664143 4.046318 1.105288 0.000000
1.480000 0.501070 4.389041 6.866420 -0.580835 0.704606 4.169128 1.081905 0.000000
1.490000 0.463172 4.457705 6.285585 -0.592801 0.746298 4.289339 1.055973 0.000000
1.500000 0.426470 4.520561 5.692783 -0.601194 0.789191 4.406670 1.027664 0.000000
1.510000 0.390924 4.577488 5.091589 -0.606224 0.833258 4.520855 0.997148 0.000000
1.520000 0.356499 4.628404 4.485365 -0.608096 0.878466 4.631649 0.964594 0.000000
1.530000 0.323156 4.673258 3.877270 -0.607014 0.924783 4.738826 0.930170 0.000000
1.540000 0.290859 4.712031 3.270256 -0.603182 0.972171 4.842178 0.894041 0.000000
1.550000 0.259570 4.744733 2.667074 -0.596799 1.020593 4.941516 0.856369 0.000000
1.560000 0.229257 4.771404 2.070275 -0.588056 1.070008 5.036668 0.817313 0.000000
1.570000 0.199883 4.792107 1.482219 -0.577147 1.120375 5.127481 0.777029 0.000000
1.580000 0.171415 4.806929 0.905072 -0.564255 1.171650 5.213817 0.735670 0.000000
1.590000 0.143824 4.815980 0.340818 -0.549558 1.223788 5.295559 0.693383 0.000000
1.600000 0.117151 4.819388 -0.208741 -0.533160 1.276743 5.372601 0.650311 0.000000
1.610000 0.091246 4.817300 -0.741900 -0.515348 1.330469 5.444858 0.606594 0.000000
1.620000 0.066124 4.809881 -1.257248 -0.496246 1.384918 5.512257 0.562370 0.000000
1.630000 0.041762 4.797309 -1.753495 -0.476004 1.440040 5.574743 0.517766 0.000000
1.640000 0.018136 4.779774 -2.229498 -0.454770 1.495788 5.632272 0.472905 0.000000
1.650000 -0.004782 4.757479 -2.684268 -0.432690 1.552111 5.684817 0.427908 0.000000
1.660000 -0.027014 4.730636 -3.116957 -0.409902 1.608959 5.732363 0.382888 0.000000
1.670000 -0.048586 4.699467 -3.526859 -0.386539 1.666282 5.774906 0.337953 0.000000
1.680000 -0.069518 4.664198 -3.913398 -0.362726 1.724031 5.812456 0.293208 0.000000
1.690000 -0.089834 4.625064 -4.276124 -0.338583 1.782156 5.845035 0.248749 0.000000
1.700000 -0.109555 4.582303 -4.614708 -0.314224 1.840606 5.872673 0.204669 0.000000
1.710000 -0.128700 4.536156 -4.928932 -0.289755 1.899333 5.895414 0.161055 0.000000
1.720000 -0.147285 4.486867 -5.218687 -0.265273 1.958287 5.913309 0.117988 0.000000
1.730000 -0.165338 4.434680 -5.483960 -0.240883 2.017420 5.926419 0.075545 0.000000
1.740000 -0.182903 4.379840 -5.724843 -0.216698 2.076685 5.934813 0.033796 0.000000
1.750000 -0.200797 4.322592 -5.941541 -0.193603 2.136033 5.938568 -0.007194 0.000000
1.760000 -0.217440 4.263176 -6.135144 -0.170074 2.195418 5.937769 -0.047366 0.000000
1.770000 -0.233562 4.201825 -6.305218 -0.146856 2.254796 5.932506 -0.086706 0.000000
1.780000 -0.249232 4.138773 -6.452074 -0.124103 2.314121 5.922872 -0.125129 0.000000
1.790000 -0.264509 4.074252 -6.576177 -0.101925 2.373350 5.908969 -0.162584 0.000000
1.800000 -0.280857 4.008490 -6.678102 -0.081825 2.432439 5.890904 -0.199032 0.000000
1.810000 -0.295315 3.941709 -6.759927 -0.060877 2.491349 5.868789 -0.234438 0.000000
1.820000 -0.309346 3.874110 -6.820804 -0.040500 2.550036 5.842741 -0.268846 0.000000
1.830000 -0.325109 3.805902 -6.861304 -0.022950 2.608464 5.812869 -0.302159 0.000000
1.840000 -0.338488 3.737289 -6.884254 -0.004139 2.666593 5.779296 -0.334349 0.000000
1.850000 -0.351452 3.668446 -6.888393 0.014052 2.724385 5.742146 -0.365503 0.000000
1.860000 -0.366806 3.599562 -6.874341 0.028706 2.781807 5.701534 -0.395512 0.000000
1.870000 -0.379112 3.530819 -6.845636 0.045243 2.838822 5.657589 -0.424355 0.000000
1.880000 -0.394318 3.462363 -6.800393 0.057844 2.895398 5.610438 -0.452162 0.000000
1.890000 -0.406022 3.394359 -6.742548 0.072778 2.951503 5.560198 -0.478800 0.000000
1.900000 -0.421103 3.326933 -6.669770 0.083320 3.007104 5.506998 -0.504423 0.000000
1.910000 -0.436308 3.260235 -6.586450 0.092573 3.062174 5.450951 -0.528881 0.000000
1.920000 -0.447045 3.194371 -6.493877 0.105310 3.116684 5.392186 -0.552355 0.000000
1.930000 -0.462103 3.129432 -6.388567 0.112778 3.170606 5.330813 -0.574881 0.000000
1.940000 -0.467296 3.065546 -6.275789 0.128967 3.223914 5.266938 -0.596262 0.000000
1.950000 -0.472092 3.002789 -6.146822 0.144636 3.276583 5.200686 -0.616728 0.000000
1.960000 -0.476583 2.941320 -6.002186 0.159241 3.328590 5.132161 -0.635824 0.000000
1.970000 -0.480776 2.881299 -5.842944 0.172759 3.379912 5.061514 -0.653535 0.000000
1.980000 -0.484675 2.822869 -5.670185 0.185201 3.430527 4.988899 -0.669876 0.000000
1.990000 -0.488287 2.766167 -5.484984 0.196581 3.480416 4.914468 -0.684869 0.000000
2.000000 -0.491615 2.711317 -5.288403 0.206920 3.529561 4.838372 -0.698535 0.000000
2.010000 -0.494664 2.658433 -5.081483 0.216236 3.577944 4.760757 -0.710900 0.000000
2.020000 -0.497436 2.607619 -4.865247 0.224553 3.625552 4.681768 -0.721990 0.000000
2.030000 -0.499938 2.558966 -4.640694 0.231896 3.672370 4.601547 -0.731834 0.000000
2.040000 -0.502172 2.512559 -4.408798 0.238291 3.718385 4.520232 -0.740463 0.000000
2.050000 -0.504150 2.468471 -4.170506 0.243758 3.763587 4.437958 -0.747908 0.000000
2.060000 -0.505860 2.426766 -3.926748 0.248342 3.807967 4.354857 -0.754202 0.000000
2.070000 -0.507315 2.387499 -3.678406 0.252066 3.851516 4.271057 -0.759380 0.000000
2.080000 -0.508517 2.350715 -3.426340 0.254960 3.894226 4.186681 -0.763477 0.000000
2.090000 -0.509473 2.316451 -3.171380 0.257056 3.936093 4.101851 -0.766529 0.000000
2.100000 -0.510185 2.284737 -2.914324 0.258387 3.977111 4.016681 -0.768572 0.000000
2.110000 -0.510658 2.255594 -2.655937 0.258986 4.017278 3.931284 -0.769644 0.000000
2.120000 -0.510895 2.229035 -2.396951 0.258887 4.056591 3.845768 -0.769782 0.000000
2.130000 -0.510901 2.205065 -2.138063 0.258124 4.095049 3.760236 -0.769025 0.000000
2.140000 -0.510681 2.183685 -1.879940 0.256730 4.132651 3.674789 -0.767411 0.000000
2.150000 -0.510237 2.164885 -1.623209 0.254741 4.169399 3.589521 -0.764978 0.000000
2.160000 -0.509576 2.148653 -1.368469 0.252189 4.205294 3.504524 -0.761765 0.000000
2.170000 -0.508701 2.134968 -1.116280 0.249109 4.240339 3.419883 -0.757810 0.000000
2.180000 -0.507617 2.123806 -0.867171 0.245534 4.274538 3.335682 -0.753151 0.000000
2.190000 -0.506327 2.115134 -0.621637 0.241498 4.307895 3.251999 -0.747826 0.000000
2.200000 -0.504838 2.108918 -0.380138 0.237034 4.340415 3.168907 -0.741872 0.000000
2.210000 -0.503153 2.105116 -0.143104 0.232174 4.372104 3.086477 -0.735327 0.000000
2.220000 -0.501277 2.103685 0.089070 0.226949 4.402969 3.004774 -0.728226 0.000000
2.230000 -0.499214 2.104576 0.316019 0.221392 4.433017 2.923860 -0.720606 0.000000
2.240000 -0.496971 2.107736 0.537411 0.215531 4.462255 2.843792 -0.712502 0.000000
2.250000 -0.494551 2.113110 0.752943 0.209398 4.490693 2.764625 -0.703949 0.000000
2.260000 -0.491959 2.120640 0.962341 0.203021 4.518339 2.686409 -0.694980 0.000000
2.270000 -0.489200 2.130263 1.165362 0.196428 4.545203 2.609189 -0.685628 0.000000
2.280000 -0.486279 2.141917 1.361790 0.189647 4.571295 2.533008 -0.675926 0.000000
2.290000 -0.483202 2.155534 1.551437 0.182704 4.596625 2.457905 -0.665906 0.000000
2.300000 -0.479972 2.171049 1.734141 0.175624 4.621205 2.383916 -0.655596 0.000000
2.310000 -0.476596 2.188390 1.909765 0.168432 4.645044 2.311072 -0.645028 0.000000
2.320000 -0.473078 2.207488 2.078196 0.161151 4.668154 2.239402 -0.634229 0.000000
2.330000 -0.469422 2.228270 2.239347 0.153805 4.690548 2.168932 -0.623227 0.000000
2.340000 -0.465635 2.250663 2.393152 0.146414 4.712238 2.099685 -0.612049 0.000000
2.350000 -0.461721 2.274595 2.539566 0.138999 4.733235 2.031679 -0.600720 0.000000
2.360000 -0.457685 2.299991 2.678565 0.131580 4.753551 1.964932 -0.589266 0.000000
2.370000 -0.453533 2.326776 2.810145 0.124176 4.773201 1.899458 -0.577709 0.000000
2.380000 -0.449269 2.354878 2.934321 0.116803 4.792195 1.835269 -0.566072 0.000000
2.390000 -0.444898 2.384221 3.051124 0.109479 4.810548 1.772372 -0.554377 0.000000
2.400000 -0.440425 2.414732 3.160603 0.102219 4.828272 1.710774 -0.542644 0.000000
2.410000 -0.435856 2.446338 3.262822 0.095038 4.845379 1.650481 -0.530893 0.000000
2.420000 -0.431195 2.478966 3.357860 0.087949 4.861884 1.591492 -0.519143 0.000000
2.430000 -0.426446 2.512545 3.445808 0.080965 4.877799 1.533810 -0.507411 0.000000
2.440000 -0.421616 2.547003 3.526773 0.074098 4.893137 1.477431 -0.495714 0.000000
2.450000 -0.416708 2.582271 3.600871 0.067358 4.907912 1.422351 -0.484066 0.000000
2.460000 -0.411728 2.618279 3.668229 0.060756 4.922135 1.368566 -0.472484 0.000000
2.470000 -0.406680 2.654962 3.728985 0.054301 4.935821 1.316068 -0.460981 0.000000
2.480000 -0.401569 2.692252 3.783286 0.048000 4.948981 1.264848 -0.449569 0.000000
2.490000 -0.396399 2.730084 3.831286 0.041861 4.961630 1.214896 -0.438261 0.000000
2.500000 -0.391176 2.768397 3.873147 0.035891 4.973779 1.166200 -0.427067 0.000000
2.510000 -0.385903 2.807129 3.909038 0.030095 4.985441 1.118748 -0.415998 0.000000
2.520000 -0.380584 2.846219 3.939133 0.024479 4.996628 1.072526 -0.405064 0.000000
2.530000 -0.375225 2.885610 3.963612 0.019047 5.007354 1.027519 -0.394272 0.000000
2.540000 -0.369829 2.925247 3.982659 0.013802 5.017629 0.983711 -0.383631 0.000000
2.550000 -0.364401 2.965073 3.996461 0.008747 5.027466 0.941086 -0.373148 0.000000
2.560000 -0.358945 3.005038 4.005208 0.003884 5.036877 0.899625 -0.362829 0.000000
2.570000 -0.353464 3.045090 4.009092 -0.000784 5.045873 0.859310 -0.352681 0.000000
2.580000 -0.347963 3.085181 4.008308 -0.005257 5.054466 0.820124 -0.342707 0.000000
2.590000 -0.342446 3.125264 4.003051 -0.009534 5.062667 0.782045 -0.332912 0.000000
2.600000 -0.336916 3.165294 3.993517 -0.013615 5.070488 0.745055 -0.323301 0.000000
2.610000 -0.331377 3.205230 3.979902 -0.017501 5.077938 0.709133 -0.313875 0.000000
2.620000 -0.325832 3.245029 3.962401 -0.021193 5.085030 0.674258 -0.304639 0.000000
2.630000 -0.320285 3.284653 3.941208 -0.024692 5.091772 0.640409 -0.295593 0.000000
2.640000 -0.314739 3.324065 3.916516 -0.027999 5.098176 0.607565 -0.286740 0.000000
2.650000 -0.309198 3.363230 3.888517 -0.031118 5.104252 0.575705 -0.278080 0.000000
2.660000 -0.303665 3.402115 3.857398 -0.034050 5.110009 0.544807 -0.269615 0.000000
2.670000 -0.298143 3.440689 3.823348 -0.036799 5.115457 0.514850 -0.261344 0.000000
2.680000 -0.292635 3.478922 3.786549 -0.039368 5.120606 0.485812 -0.253267 0.000000
2.690000 -0.287136 3.516788 3.747181 -0.041752 5.125464 0.457671 -0.245384 0.000000
2.700000 -0.281665 3.554260 3.705429 -0.043971 5.130040 0.430406 -0.237693 0.000000
2.710000 -0.276216 3.591314 3.661457 -0.046022 5.134344 0.403996 -0.230194 0.000000
2.720000 -0.270791 3.627929 3.615436 -0.047907 5.138384 0.378419 -0.222885 0.000000
2.730000 -0.265395 3.664083 3.567529 -0.049631 5.142169 0.353654 -0.215763 0.000000
2.740000 -0.260028 3.699758 3.517898 -0.051200 5.145705 0.329680 -0.208828 0.000000
2.750000 -0.254693 3.734937 3.466698 -0.052617 5.149002 0.306477 -0.202076 0.000000
2.760000 -0.249392 3.769604 3.414081 -0.053887 5.152067 0.284024 -0.195505 0.000000
2.770000 -0.244128 3.803745 3.360194 -0.055015 5.154907 0.262301 -0.189113 0.000000
2.780000 -0.238903 3.837347 3.305179 -0.056007 5.157530 0.241289 -0.182896 0.000000
2.790000 -0.233718 3.870399 3.249172 -0.056866 5.159943 0.220967 -0.176851 0.000000
2.800000 -0.228575 3.902890 3.192305 -0.057599 5.162153 0.201317 -0.170976 0.000000
2.810000 -0.223476 3.934813 3.134706 -0.058210 5.164166 0.182320 -0.165266 0.000000
2.820000 -0.218423 3.966161 3.076496 -0.058704 5.165989 0.163957 -0.159719 0.000000
2.830000 -0.213418 3.996926 3.017792 -0.059087 5.167628 0.146210 -0.154330 0.000000
2.840000 -0.208461 4.027103 2.958704 -0.059364 5.169091 0.129062 -0.149097 0.000000
2.850000 -0.203554 4.056690 2.899341 -0.059539 5.170381 0.112496 -0.144015 0.000000
2.860000 -0.198699 4.085684 2.839801 -0.059618 5.171506 0.096494 -0.139080 0.000000
2.870000 -0.193896 4.114082 2.780183 -0.059606 5.172471 0.081041 -0.134290 0.000000
2.880000 -0.189148 4.141884 2.720577 -0.059508 5.173282 0.066120 -0.129640 0.000000
2.890000 -0.184454 4.169089 2.661069 -0.059328 5.173943 0.051715 -0.125127 0.000000
2.900000 -0.179817 4.195700 2.601742 -0.059071 5.174460 0.037813 -0.120746 0.000000
2.910000 -0.175236 4.221718 2.542671 -0.058743 5.174838 0.024396 -0.116493 0.000000
2.920000 -0.170713 4.247144 2.483928 -0.058347 5.175082 0.011453 -0.112366 0.000000
2.930000 -0.166249 4.271984 2.425581 -0.057888 5.175197 -0.001033 -0.108361 0.000000
2.940000 -0.161830 4.296239 2.367693 -0.057357 5.175186 -0.013073 -0.104473 0.000000
2.950000 -0.157499 4.319916 2.310336 -0.056800 5.175055 -0.024681 -0.100698 0.000000
2.960000 -0.153213 4.343020 2.253535 -0.056180 5.174809 -0.035869 -0.097034 0.000000
2.970000 -0.148989 4.365555 2.197356 -0.055512 5.174450 -0.046651 -0.093477 0.000000
2.980000 -0.144826 4.387529 2.141844 -0.054803 5.173983 -0.057037 -0.090023 0.000000
2.990000 -0.140725 4.408947 2.087041 -0.054055 5.173413 -0.067040 -0.086670 0.000000
3.000000 -0.136686 4.429817 2.032986 -0.053274 5.172743 -0.076670 -0.083412 0.000000
3.010000 -0.132694 4.450147 1.979712 -0.052445 5.171976 -0.085938 -0.080249 0.000000
3.020000 -0.128783 4.469944 1.927267 -0.051608 5.171117 -0.094854 -0.077175 0.000000
3.030000 -0.124927 4.489217 1.875658 -0.050740 5.170168 -0.103429 -0.074187 0.000000
3.040000 -0.121140 4.507974 1.824918 -0.049857 5.169134 -0.111672 -0.071283 0.000000
3.050000 -0.117409 4.526223 1.775061 -0.048949 5.168017 -0.119593 -0.068461 0.000000
3.060000 -0.113723 4.543973 1.726112 -0.048008 5.166821 -0.127199 -0.065716 0.000000
3.070000 -0.110099 4.561235 1.678105 -0.047053 5.165549 -0.134501 -0.063046 0.000000
3.080000 -0.106520 4.578016 1.631052 -0.046071 5.164204 -0.141506 -0.060448 0.000000
3.090000 -0.102980 4.594326 1.584981 -0.045060 5.162789 -0.148223 -0.057919 0.000000
3.100000 -0.099481 4.610176 1.539920 -0.044026 5.161307 -0.154658 -0.055456 0.000000
3.110000 -0.096019 4.625575 1.495895 -0.042965 5.159760 -0.160820 -0.053054 0.000000
3.120000 -0.092607 4.640534 1.452930 -0.041896 5.158152 -0.166715 -0.050711 0.000000
3.130000 -0.089275 4.655063 1.411034 -0.040853 5.156485 -0.172349 -0.048422 0.000000
3.140000 -0.085897 4.669174 1.370180 -0.039711 5.154761 -0.177730 -0.046186 0.000000
3.150000 -0.082593 4.682876 1.330469 -0.038592 5.152984 -0.182861 -0.044001 0.000000
3.160000 -0.079327 4.696180 1.291878 -0.037466 5.151155 -0.187750 -0.041861 0.000000
3.170000 -0.076102 4.709099 1.254411 -0.036339 5.149278 -0.192402 -0.039762 0.000000
3.180000 -0.072916 4.721643 1.218072 -0.035212 5.147354 -0.196820 -0.037704 0.000000
3.190000 -0.069761 4.733824 1.182860 -0.034077 5.145386 -0.201009 -0.035683 0.000000
3.200000 -0.066626 4.745652 1.148783 -0.032929 5.143376 -0.204974 -0.033697 0.000000
3.210000 -0.063503 4.757140 1.115854 -0.031760 5.141326 -0.208718 -0.031743 0.000000
3.220000 -0.060409 4.768299 1.084094 -0.030591 5.139239 -0.212245 -0.029818 0.000000
3.230000 -0.057389 4.779140 1.053503 -0.029471 5.137116 -0.215558 -0.027918 0.000000
3.240000 -0.054426 4.789675 1.024032 -0.028385 5.134961 -0.218660 -0.026041 0.000000
3.250000 -0.051472 4.799915 0.995648 -0.027285 5.132774 -0.221553 -0.024187 0.000000
3.260000 -0.048492 4.809872 0.968363 -0.026137 5.130559 -0.224241 -0.022355 0.000000
3.270000 -0.045571 4.819555 0.942226 -0.025029 5.128316 -0.226725 -0.020542 0.000000
3.280000 -0.042755 4.828977 0.917197 -0.024013 5.126049 -0.229007 -0.018743 0.000000
3.290000 -0.039953 4.838149 0.893184 -0.022996 5.123759 -0.231090 -0.016958 0.000000
3.300000 -0.037060 4.847081 0.870188 -0.021871 5.121448 -0.232974 -0.015189 0.000000
3.310000 -0.034281 4.855783 0.848317 -0.020847 5.119118 -0.234662 -0.013434 0.000000
3.320000 -0.031701 4.864266 0.827470 -0.020016 5.116772 -0.236154 -0.011685 0.000000
3.330000 -0.028932 4.872541 0.807454 -0.018987 5.114410 -0.237452 -0.009945 0.000000
3.340000 -0.026198 4.880616 0.788466 -0.017976 5.112036 -0.238557 -0.008222 0.000000
3.350000 -0.023791 4.888500 0.770490 -0.017288 5.109650 -0.239471 -0.006504 0.000000
3.360000 -0.021136 4.896205 0.753203 -0.016346 5.107255 -0.240194 -0.004789 0.000000
3.370000 -0.018372 4.903737 0.736856 -0.015279 5.104853 -0.240726 -0.003093 0.000000
3.380000 -0.015838 4.911106 0.721577 -0.014438 5.102446 -0.241069 -0.001400 0.000000
3.390000 -0.013200 4.918322 0.707139 -0.013498 5.100035 -0.241225 0.000297 0.000000
3.400000 -0.009970 4.925393 0.693642 -0.011960 5.097623 -0.241192 0.001990 0.000000
3.410000 -0.007596 4.932329 0.681682 -0.011280 5.095211 -0.240971 0.003684 0.000000
3.420000 -0.004888 4.939146 0.670402 -0.010300 5.092801 -0.240562 0.005412 0.000000
3.430000 -0.002288 4.945850 0.660102 -0.009422 5.090396 -0.239960 0.007134 0.000000
3.440000 0.000250 4.952451 0.650680 -0.008616 5.087996 -0.239167 0.008867 0.000000
3.450000 0.002844 4.958958 0.642063 -0.007762 5.085605 -0.238182 0.010606 0.000000
3.460000 0.005465 4.965379 0.634301 -0.006885 5.083223 -0.237004 0.012351 0.000000
3.470000 0.008123 4.971722 0.627416 -0.005981 5.080853 -0.235632 0.014104 0.000000
3.480000 0.010787 4.977996 0.621435 -0.005083 5.078496 -0.234064 0.015870 0.000000
3.490000 0.013272 4.984210 0.616352 -0.004378 5.076156 -0.232301 0.017650 0.000000
3.500000 0.015518 4.990374 0.611974 -0.003928 5.073833 -0.230340 0.019446 0.000000
3.510000 0.017452 4.996493 0.608046 -0.003799 5.071529 -0.228179 0.021251 0.000000
3.520000 0.024399 5.002574 0.604246 0.001347 5.069248 -0.225818 0.023052 0.000000
3.530000 0.024330 5.008616 0.605593 -0.000505 5.066989 -0.223257 0.024835 0.000000
3.540000 0.024126 5.014672 0.605088 -0.002723 5.064757 -0.220497 0.026849 0.000000
3.550000 0.023820 5.020723 0.602365 -0.004938 5.062552 -0.217514 0.028758 0.000000
3.560000 0.023442 5.026747 0.597427 -0.007095 5.060377 -0.214319 0.030537 0.000000
3.570000 0.023015 5.032721 0.590332 -0.009165 5.058234 -0.210926 0.032180 0.000000
3.580000 0.022557 5.038624 0.581167 -0.011127 5.056124 -0.207350 0.033685 0.000000
3.590000 0.022073 5.044436 0.570039 -0.012978 5.054051 -0.203607 0.035051 0.000000
3.600000 0.021581 5.050136 0.557061 -0.014698 5.052015 -0.199713 0.036279 0.000000
3.610000 0.021091 5.055707 0.542363 -0.016278 5.050018 -0.195682 0.037369 0.000000
3.620000 0.020610 5.061131 0.526085 -0.017715 5.048061 -0.191530 0.038325 0.000000
3.630000 0.020143 5.066391 0.508370 -0.019005 5.046145 -0.187272 0.039148 0.000000
3.640000 0.019695 5.071475 0.489365 -0.020149 5.044273 -0.182922 0.039844 0.000000
3.650000 0.019267 5.076369 0.469216 -0.021148 5.042444 -0.178495 0.040415 0.000000
3.660000 0.018864 5.081061 0.448069 -0.022003 5.040659 -0.174004 0.040867 0.000000
3.670000 0.018485 5.085542 0.426066 -0.022719 5.038919 -0.169463 0.041204 0.000000
3.680000 0.018132 5.089802 0.403346 -0.023300 5.037224 -0.164885 0.041432 0.000000
3.690000 0.017802 5.093836 0.380046 -0.023755 5.035575 -0.160282 0.041556 0.000000
3.700000 0.017499 5.097636 0.356292 -0.024083 5.033972 -0.155664 0.041582 0.000000
3.710000 0.017223 5.101199 0.332209 -0.024291 5.032416 -0.151044 0.041514 0.000000
3.720000 0.016974 5.104521 0.307918 -0.024385 5.030905 -0.146431 0.041359 0.000000
3.730000 0.016750 5.107600 0.283533 -0.024371 5.029441 -0.141836 0.041121 0.000000
3.740000 0.016552 5.110436 0.259162 -0.024256 5.028022 -0.137267 0.040808 0.000000
3.750000 0.016377 5.113027 0.234905 -0.024048 5.026650 -0.132733 0.040425 0.000000
3.760000 0.016223 5.115376 0.210857 -0.023753 5.025322 -0.128241 0.039976 0.000000
3.770000 0.016090 5.117485 0.187104 -0.023379 5.024040 -0.123799 0.039468 0.000000
3.780000 0.015974 5.119356 0.163726 -0.022932 5.022802 -0.119414 0.038906 0.000000
3.790000 0.015875 5.120993 0.140793 -0.022420 5.021608 -0.115091 0.038295 0.000000
3.800000 0.015791 5.122401 0.118373 -0.021850 5.020457 -0.110836 0.037641 0.000000
3.810000 0.015718 5.123585 0.096523 -0.021228 5.019349 -0.106654 0.036947 0.000000
3.820000 0.015657 5.124550 0.075295 -0.020561 5.018282 -0.102548 0.036218 0.000000
3.830000 0.015603 5.125303 0.054734 -0.019856 5.017257 -0.098524 0.035459 0.000000
3.840000 0.015556 5.125851 0.034878 -0.019118 5.016271 -0.094584 0.034675 0.000000
3.850000 0.015514 5.126199 0.015760 -0.018354 5.015326 -0.090732 0.033868 0.000000
3.860000 0.015475 5.126357 -0.002594 -0.017568 5.014418 -0.086968 0.033043 0.000000
3.870000 0.015437 5.126331 -0.020162 -0.016766 5.013549 -0.083297 0.032203 0.000000
3.880000 0.015399 5.126129 -0.036928 -0.015954 5.012716 -0.079719 0.031352 0.000000
3.890000 0.015358 5.125760 -0.052882 -0.015135 5.011918 -0.076235 0.030493 0.000000
3.900000 0.015315 5.125231 -0.068017 -0.014313 5.011156 -0.072847 0.029628 0.000000
3.910000 0.015267 5.124551 -0.082330 -0.013493 5.010428 -0.069555 0.028760 0.000000
3.920000 0.015214 5.123728 -0.095824 -0.012678 5.009732 -0.066360 0.027892 0.000000
3.930000 0.015155 5.122770 -0.108501 -0.011870 5.009068 -0.063260 0.027026 0.000000
3.940000 0.015090 5.121685 -0.120372 -0.011073 5.008436 -0.060258 0.026163 0.000000
3.950000 0.015017 5.120481 -0.131445 -0.010290 5.007833 -0.057351 0.025306 0.000000
3.960000 0.014936 5.119166 -0.141735 -0.009521 5.007260 -0.054539 0.024457 0.000000
3.970000 0.014847 5.117749 -0.151256 -0.008770 5.006714 -0.051821 0.023617 0.000000
3.980000 0.014749 5.116236 -0.160026 -0.008038 5.006196 -0.049197 0.022787 0.000000
3.990000 0.014643 5.114636 -0.168064 -0.007326 5.005704 -0.046665 0.021969 0.000000
4.000000 0.014528 5.112956 -0.175390 -0.006635 5.005238 -0.044224 0.021163 0.000000
4.010000 0.014404 5.111202 -0.182025 -0.005967 5.004795 -0.041873 0.020371 0.000000
4.020000 0.014271 5.109381 -0.187993 -0.005323 5.004377 -0.039609 0.019594 0.000000
4.030000 0.014130 5.107501 -0.193315 -0.004702 5.003980 -0.037432 0.018832 0.000000
4.040000 0.013981 5.105568 -0.198017 -0.004105 5.003606 -0.035340 0.018086 0.000000
4.050000 0.013824 5.103588 -0.202122 -0.003533 5.003253 -0.033330 0.017357 0.000000
4.060000 0.013659 5.101567 -0.205655 -0.002985 5.002919 -0.031402 0.016644 0.000000
4.070000 0.013486 5.099510 -0.208640 -0.002463 5.002605 -0.029552 0.015949 0.000000
4.080000 0.013307 5.097424 -0.211103 -0.001965 5.002310 -0.027780 0.015272 0.000000
4.090000 0.013121 5.095313 -0.213068 -0.001492 5.002032 -0.026083 0.014612 0.000000
4.100000 0.012928 5.093182 -0.214559 -0.001043 5.001771 -0.024460 0.013971 0.000000
4.110000 0.012730 5.091037 -0.215602 -0.000618 5.001527 -0.022907 0.013348 0.000000
4.120000 0.012526 5.088881 -0.216220 -0.000216 5.001298 -0.021424 0.012743 0.000000
4.130000 0.012317 5.086718 -0.216436 0.000162 5.001083 -0.020008 0.012156 0.000000
4.140000 0.012104 5.084554 -0.216275 0.000517 5.000883 -0.018658 0.011587 0.000000
4.150000 0.011887 5.082391 -0.215758 0.000850 5.000697 -0.017370 0.011037 0.000000
4.160000 0.011665 5.080234 -0.214908 0.001161 5.000523 -0.016144 0.010504 0.000000
4.170000 0.011441 5.078085 -0.213747 0.001451 5.000362 -0.014977 0.009989 0.000000
4.180000 0.011213 5.075947 -0.212296 0.001721 5.000212 -0.013867 0.009492 0.000000
4.190000 0.010984 5.073824 -0.210575 0.001971 5.000073 -0.012812 0.009012 0.000000
4.200000 0.010752 5.071718 -0.208603 0.002202 4.999945 -0.011811 0.008550 0.000000
4.210000 0.010518 5.069632 -0.206401 0.002415 4.999827 -0.010861 0.008104 0.000000
4.220000 0.010284 5.067568 -0.203986 0.002609 4.999718 -0.009960 0.007674 0.000000
4.230000 0.010048 5.065529 -0.201377 0.002787 4.999619 -0.009108 0.007261 0.000000
4.240000 0.009812 5.063515 -0.198590 0.002948 4.999528 -0.008301 0.006864 0.000000
4.250000 0.009576 5.061529 -0.195642 0.003094 4.999445 -0.007538 0.006482 0.000000
4.260000 0.009340 5.059572 -0.192548 0.003224 4.999369 -0.006818 0.006116 0.000000
4.270000 0.009105 5.057647 -0.189323 0.003341 4.999301 -0.006138 0.005764 0.000000
4.280000 0.008871 5.055754 -0.185982 0.003443 4.999240 -0.005498 0.005427 0.000000
4.290000 0.008637 5.053894 -0.182539 0.003533 4.999185 -0.004895 0.005104 0.000000
4.300000 0.008405 5.052069 -0.179006 0.003610 4.999136 -0.004328 0.004795 0.000000
4.310000 0.008175 5.050279 -0.175396 0.003676 4.999092 -0.003795 0.004499 0.000000
4.320000 0.007947 5.048525 -0.171720 0.003730 4.999054 -0.003295 0.004216 0.000000
4.330000 0.007721 5.046807 -0.167990 0.003774 4.999021 -0.002827 0.003946 0.000000
4.340000 0.007497 5.045127 -0.164215 0.003809 4.998993 -0.002388 0.003688 0.000000
4.350000 0.007276 5.043485 -0.160407 0.003834 4.998969 -0.001978 0.003442 0.000000
4.360000 0.007057 5.041881 -0.156573 0.003850 4.998950 -0.001596 0.003208 0.000000
4.370000 0.006842 5.040315 -0.152723 0.003858 4.998934 -0.001239 0.002984 0.000000
4.380000 0.006630 5.038788 -0.148866 0.003858 4.998921 -0.000908 0.002771 0.000000
4.390000 0.006421 5.037300 -0.145007 0.003852 4.998912 -0.000600 0.002569 0.000000
4.400000 0.006215 5.035850 -0.141155 0.003839 4.998906 -0.000315 0.002377 0.000000
4.410000 0.006013 5.034438 -0.137317 0.003819 4.998903 -0.000051 0.002194 0.000000
4.420000 0.005814 5.033065 -0.133498 0.003794 4.998902 0.000193 0.002020 0.000000
4.430000 0.005620 5.031730 -0.129704 0.003764 4.998904 0.000418 0.001856 0.000000
4.440000 0.005429 5.030433 -0.125940 0.003728 4.998909 0.000624 0.001700 0.000000
4.450000 0.005242 5.029173 -0.122212 0.003689 4.998915 0.000813 0.001553 0.000000
4.460000 0.005058 5.027951 -0.118523 0.003645 4.998923 0.000985 0.001413 0.000000
4.470000 0.004879 5.026766 -0.114878 0.003597 4.998933 0.001142 0.001282 0.000000
4.480000 0.004704 5.025617 -0.111280 0.003547 4.998944 0.001285 0.001157 0.000000
4.490000 0.004533 5.024504 -0.107734 0.003493 4.998957 0.001413 0.001040 0.000000
4.500000 0.004366 5.023427 -0.104241 0.003436 4.998971 0.001529 0.000929 0.000000
4.510000 0.004203 5.022385 -0.100805 0.003377 4.998987 0.001632 0.000825 0.000000
4.520000 0.004044 5.021377 -0.097428 0.003316 4.999003 0.001724 0.000728 0.000000
4.530000 0.003889 5.020402 -0.094112 0.003253 4.999020 0.001805 0.000636 0.000000
4.540000 0.003738 5.019461 -0.090858 0.003188 4.999038 0.001876 0.000550 0.000000
4.550000 0.003592 5.018553 -0.087670 0.003122 4.999057 0.001937 0.000469 0.000000
4.560000 0.003449 5.017676 -0.084548 0.003055 4.999076 0.001989 0.000394 0.000000
4.570000 0.003310 5.016831 -0.081492 0.002987 4.999096 0.002032 0.000323 0.000000
4.580000 0.003176 5.016016 -0.078505 0.002918 4.999116 0.002068 0.000257 0.000000
4.590000 0.003045 5.015231 -0.075587 0.002849 4.999137 0.002097 0.000196 0.000000
4.600000 0.002918 5.014475 -0.072738 0.002779 4.999158 0.002119 0.000139 0.000000
4.610000 0.002795 5.013747 -0.069959 0.002709 4.999179 0.002134 0.000086 0.000000
4.620000 0.002676 5.013048 -0.067250 0.002639 4.999201 0.002144 0.000037 0.000000
4.630000 0.002561 5.012375 -0.064611 0.002569 4.999222 0.002148 -0.000008 0.000000
4.640000 0.002449 5.011729 -0.062042 0.002499 4.999244 0.002147 -0.000050 0.000000
4.650000 0.002341 5.011109 -0.059544 0.002429 4.999265 0.002142 -0.000088 0.000000
4.660000 0.002237 5.010513 -0.057114 0.002360 4.999286 0.002132 -0.000123 0.000000
4.670000 0.002136 5.009942 -0.054754 0.002291 4.999308 0.002118 -0.000156 0.000000
4.680000 0.002038 5.009395 -0.052463 0.002223 4.999329 0.002101 -0.000185 0.000000
4.690000 0.001944 5.008870 -0.050240 0.002156 4.999350 0.002080 -0.000212 0.000000
4.700000 0.001853 5.008368 -0.048084 0.002089 4.999371 0.002057 -0.000236 0.000000
4.710000 0.001766 5.007887 -0.045995 0.002023 4.999391 0.002030 -0.000258 0.000000
4.720000 0.001681 5.007427 -0.043971 0.001959 4.999412 0.002002 -0.000277 0.000000
4.730000 0.001600 5.006987 -0.042013 0.001895 4.999432 0.001971 -0.000295 0.000000
4.740000 0.001522 5.006567 -0.040118 0.001832 4.999451 0.001938 -0.000310 0.000000
4.750000 0.001446 5.006166 -0.038286 0.001770 4.999471 0.001904 -0.000324 0.000000
4.760000 0.001374 5.005783 -0.036516 0.001709 4.999490 0.001868 -0.000336 0.000000
4.770000 0.001304 5.005418 -0.034807 0.001650 4.999508 0.001830 -0.000346 0.000000
4.780000 0.001237 5.005070 -0.033157 0.001591 4.999527 0.001792 -0.000355 0.000000
4.790000 0.001173 5.004738 -0.031566 0.001534 4.999545 0.001753 -0.000362 0.000000
4.800000 0.001111 5.004422 -0.030031 0.001478 4.999562 0.001712 -0.000368 0.000000
4.810000 0.001052 5.004122 -0.028553 0.001424 4.999579 0.001672 -0.000372 0.000000
4.820000 0.000995 5.003837 -0.027129 0.001370 4.999596 0.001630 -0.000376 0.000000
4.830000 0.000940 5.003565 -0.025759 0.001318 4.999612 0.001588 -0.000378 0.000000
4.840000 0.000888 5.003308 -0.024441 0.001267 4.999628 0.001547 -0.000379 0.000000
4.850000 0.000838 5.003063 -0.023173 0.001218 4.999644 0.001504 -0.000380 0.000000
4.860000 0.000790 5.002832 -0.021956 0.001169 4.999659 0.001462 -0.000379 0.000000
4.870000 0.000745 5.002612 -0.020786 0.001122 4.999673 0.001420 -0.000378 0.000000
4.880000 0.000701 5.002404 -0.019664 0.001077 4.999688 0.001378 -0.000376 0.000000
4.890000 0.000659 5.002207 -0.018587 0.001032 4.999701 0.001336 -0.000373 0.000000
4.900000 0.000619 5.002022 -0.017555 0.000989 4.999715 0.001295 -0.000370 0.000000
4.910000 0.000581 5.001846 -0.016566 0.000947 4.999728 0.001254 -0.000366 0.000000
4.920000 0.000545 5.001680 -0.015619 0.000906 4.999740 0.001213 -0.000361 0.000000
4.930000 0.000510 5.001524 -0.014713 0.000867 4.999752 0.001173 -0.000357 0.000000
4.940000 0.000477 5.001377 -0.013846 0.000829 4.999764 0.001133 -0.000351 0.000000
4.950000 0.000446 5.001239 -0.013017 0.000792 4.999775 0.001094 -0.000346 0.000000
4.960000 0.000416 5.001108 -0.012225 0.000756 4.999786 0.001056 -0.000340 0.000000
4.970000 0.000388 5.000986 -0.011469 0.000721 4.999797 0.001018 -0.000334 0.000000
4.980000 0.000361 5.000871 -0.010748 0.000688 4.999807 0.000981 -0.000327 0.000000
4.990000 0.000335 5.000764 -0.010060 0.000656 4.999817 0.000945 -0.000320 0.000000
5.000000 0.000311 5.000663 -0.009404 0.000624 4.999826 0.000909 -0.000313 0.000000
5.010000 -1.000000 5.000569 -0.008780 -0.999694 4.999835 0.000874 -0.000306 0.000000
5.020000 -1.000000 5.000482 -1.008473 -0.999701 4.999844 0.000840 -0.000299 0.000000
5.030000 -1.000000 4.990397 -2.008174 -0.949694 4.999853 0.000807 -0.050306 0.000000
5.040000 -1.000000 4.970315 -2.957868 -0.897187 4.999861 -0.004782 -0.102813 0.000000
5.050000 -1.000000 4.940736 -3.855055 -0.844959 4.999813 -0.016206 -0.155041 0.000000
5.060000 -1.000000 4.902186 -4.700014 -0.793288 4.999651 -0.033433 -0.206712 0.000000
5.070000 -1.000000 4.855186 -5.493302 -0.742305 4.999316 -0.056401 -0.257695 0.000000
5.080000 -1.000000 4.800253 -6.235607 -0.692122 4.998752 -0.085034 -0.307878 0.000000
5.090000 -1.000000 4.737897 -6.927729 -0.642846 4.997902 -0.119242 -0.357154 0.000000
5.100000 -1.000000 4.668619 -7.570576 -0.594574 4.996710 -0.158926 -0.405426 0.000000
5.110000 -1.000000 4.592914 -8.165150 -0.547395 4.995120 -0.203973 -0.452605 0.000000
5.120000 -1.000000 4.511262 -8.712545 -0.501389 4.993081 -0.254263 -0.498611 0.000000
5.130000 -1.000000 4.424137 -9.213934 -0.456631 4.990538 -0.309664 -0.543369 0.000000
5.140000 -1.000000 4.331997 -9.670566 -0.413186 4.987441 -0.370038 -0.586814 0.000000
5.150000 -1.000000 4.235292 -10.083752 -0.371113 4.983741 -0.435240 -0.628887 0.000000
5.160000 -1.000000 4.134454 -10.454864 -0.330462 4.979389 -0.505116 -0.669538 0.000000
5.170000 -1.000000 4.029905 -10.785326 -0.291279 4.974337 -0.579509 -0.708721 0.000000
5.180000 -1.000000 3.922052 -11.076605 -0.253601 4.968542 -0.658256 -0.746399 0.000000
5.190000 -1.000000 3.811286 -11.330207 -0.217460 4.961960 -0.741189 -0.782540 0.000000
5.200000 -1.000000 3.697984 -11.547667 -0.182881 4.954548 -0.828138 -0.817119 0.000000
5.210000 -1.000000 3.582507 -11.730547 -0.149883 4.946267 -0.918929 -0.850117 0.000000
5.220000 -1.000000 3.465202 -11.880430 -0.118479 4.937077 -1.013387 -0.881521 0.000000
5.230000 -1.000000 3.346398 -11.998909 -0.088679 4.926943 -1.111333 -0.911321 0.000000
5.240000 -1.000000 3.226409 -12.087588 -0.060485 4.915830 -1.212591 -0.939515 0.000000
5.250000 -1.000000 3.105533 -12.148073 -0.033895 4.903704 -1.316982 -0.966105 0.000000
5.260000 -1.000000 2.984052 -12.181968 -0.008903 4.890534 -1.424327 -0.991097 0.000000
5.270000 -1.000000 2.862232 -12.190870 0.014503 4.876291 -1.534449 -1.014503 0.000000
5.280000 -1.000000 2.740324 -12.176368 0.036336 4.860947 -1.647171 -1.036336 0.000000
5.290000 -1.000000 2.618560 -12.140032 0.056616 4.844475 -1.762320 -1.056616 0.000000
5.300000 -1.000000 2.497160 -12.083416 0.075364 4.826852 -1.879721 -1.075364 0.000000
5.310000 -1.000000 2.376325 -12.008052 0.092608 4.808054 -1.999206 -1.092608 0.000000
5.320000 -1.000000 2.256245 -11.915444 0.108375 4.788062 -2.120607 -1.108375 0.000000
5.330000 -1.000000 2.137091 -11.807070 0.122696 4.766856 -2.243760 -1.122696 0.000000
5.340000 -1.000000 2.019020 -11.684373 0.135607 4.744419 -2.368504 -1.135607 0.000000
5.350000 -1.000000 1.902176 -11.548767 0.147143 4.720734 -2.494683 -1.147143 0.000000
5.360000 -1.000000 1.786688 -11.401623 0.157344 4.695787 -2.622143 -1.157344 0.000000
5.370000 -1.000000 1.672672 -11.244280 0.166249 4.669565 -2.750737 -1.166249 0.000000
5.380000 -1.000000 1.560229 -11.078031 0.173900 4.642058 -2.880320 -1.173900 0.000000
5.390000 -1.000000 1.449449 -10.904131 0.180343 4.613255 -3.010753 -1.180343 0.000000
5.400000 -1.000000 1.340408 -10.723788 0.185620 4.583147 -3.141902 -1.185620 0.000000
5.410000 -1.000000 1.233170 -10.538168 0.189779 4.551728 -3.273638 -1.189779 0.000000
5.420000 -1.000000 1.127788 -10.348388 0.192866 4.518992 -3.405836 -1.192866 0.000000
5.430000 -1.000000 1.024304 -10.155522 0.194929 4.484934 -3.538376 -1.194929 0.000000
5.440000 -1.000000 0.922749 -9.960594 0.196015 4.449550 -3.671146 -1.196015 0.000000
5.450000 -1.000000 0.823143 -9.764579 0.196173 4.412838 -3.804037 -1.196173 0.000000
5.460000 -1.000000 0.725497 -9.568407 0.195451 4.374798 -3.936945 -1.195451 0.000000
5.470000 -1.000000 0.629813 -9.372956 0.193898 4.335429 -4.069773 -1.193898 0.000000
5.480000 -1.000000 0.536084 -9.179057 0.191563 4.294731 -4.202428 -1.191563 0.000000
5.490000 -1.000000 0.444293 -8.987494 0.188493 4.252707 -4.334824 -1.188493 0.000000
5.500000 -1.000000 0.354418 -8.799001 0.184737 4.209358 -4.466879 -1.184737 0.000000
5.510000 -1.000000 0.266428 -8.614264 0.180341 4.164689 -4.598516 -1.180341 0.000000
5.520000 -1.000000 0.180286 -8.433923 0.175353 4.118704 -4.729665 -1.175353 0.000000
5.530000 -1.000000 0.095946 -8.258571 0.169818 4.071408 -4.860260 -1.169818 0.000000
5.540000 -1.000000 0.013361 -8.088753 0.163781 4.022805 -4.990240 -1.163781 0.000000
5.550000 -1.000000 -0.067527 -7.924972 0.157287 3.972903 -5.119549 -1.157287 0.000000
5.560000 -1.000000 -0.146777 -7.767685 0.150379 3.921707 -5.248136 -1.150379 0.000000
5.570000 -1.000000 -0.224453 -7.617307 0.143098 3.869226 -5.375956 -1.143098 0.000000
5.580000 -1.000000 -0.300626 -7.474208 0.135487 3.815466 -5.502967 -1.135487 0.000000
5.590000 -1.000000 -0.375369 -7.338721 0.127585 3.760437 -5.629132 -1.127585 0.000000
5.600000 -1.000000 -0.448756 -7.211136 0.119431 3.704145 -5.754419 -1.119431 0.000000
5.610000 -1.000000 -0.520867 -7.091705 0.111061 3.646601 -5.878801 -1.111061 0.000000
5.620000 -1.000000 -0.591784 -6.980644 0.102512 3.587813 -6.002252 -1.102512 0.000000
5.630000 -1.000000 -0.661591 -6.878132 0.093819 3.527791 -6.124753 -1.093819 0.000000
5.640000 -1.000000 -0.730372 -6.784313 0.085014 3.466543 -6.246289 -1.085014 0.000000
5.650000 -1.000000 -0.798215 -6.699298 0.076130 3.404080 -6.366846 -1.076130 0.000000
5.660000 -1.000000 -0.865208 -6.623168 0.067196 3.340412 -6.486416 -1.067196 0.000000
5.670000 -1.000000 -0.931440 -6.555972 0.058243 3.275548 -6.604993 -1.058243 0.000000
5.680000 -1.000000 -0.996999 -6.497729 0.049296 3.209498 -6.722576 -1.049296 0.000000
5.690000 -1.000000 -1.061977 -6.448434 0.040382 3.142272 -6.839164 -1.040382 0.000000
5.700000 -1.000000 -1.126461 -6.408052 0.031526 3.073880 -6.954762 -1.031526 0.000000
5.710000 -1.000000 -1.190542 -6.376526 0.022750 3.004333 -7.069376 -1.022750 0.000000
5.720000 -1.000000 -1.254307 -6.353776 0.014076 2.933639 -7.183015 -1.014076 0.000000
5.730000 -1.000000 -1.317845 -6.339700 0.005525 2.861809 -7.295690 -1.005524 0.000000
5.740000 -1.000000 -1.381242 -6.334176 -0.002886 2.788852 -7.407415 -0.997114 0.000000
5.750000 -1.000000 -1.444583 -6.337062 -0.011139 2.714778 -7.518205 -0.988861 0.000000
5.760000 -1.000000 -1.507954 -6.348200 -0.019217 2.639596 -7.628079 -0.980783 0.000000
5.770000 -1.000000 -1.571436 -6.367417 -0.027107 2.563315 -7.737055 -0.972893 0.000000
5.780000 -1.000000 -1.635110 -6.394524 -0.034794 2.485944 -7.845154 -0.965206 0.000000
5.790000 -0.965180 -1.699055 -6.429318 -0.007448 2.407493 -7.952399 -0.957732 0.000000
5.800000 -0.891034 -1.763349 -6.436766 0.059449 2.327969 -8.058814 -0.950483 0.000000
5.810000 -0.819303 -1.827716 -6.377317 0.122424 2.247381 -8.164423 -0.941727 0.000000
5.820000 -0.749923 -1.891489 -6.254893 0.179496 2.165736 -8.269059 -0.929419 0.000000
5.830000 -0.682828 -1.954038 -6.075397 0.230771 2.083046 -8.372328 -0.913598 0.000000
5.840000 -0.617951 -2.014792 -5.844627 0.276474 1.999323 -8.473839 -0.894424 0.000000
5.850000 -0.555229 -2.073239 -5.568153 0.316839 1.914584 -8.573219 -0.872068 0.000000
5.860000 -0.494601 -2.128920 -5.251314 0.352102 1.828852 -8.670116 -0.846702 0.000000
5.870000 -0.436005 -2.181433 -4.899212 0.382498 1.742151 -8.764194 -0.818503 0.000000
5.880000 -0.379382 -2.230425 -4.516714 0.408265 1.654509 -8.855139 -0.787647 0.000000
5.890000 -0.324674 -2.275592 -4.108449 0.429638 1.565957 -8.942655 -0.754312 0.000000
5.900000 -0.271822 -2.316677 -3.678811 0.446855 1.476531 -9.026468 -0.718677 0.000000
5.910000 -0.220770 -2.353465 -3.231956 0.460149 1.386266 -9.106321 -0.680919 0.000000
5.920000 -0.171461 -2.385785 -2.771807 0.469753 1.295203 -9.181978 -0.641215 0.000000
5.930000 -0.123841 -2.413503 -2.302054 0.475897 1.203383 -9.253224 -0.599738 0.000000
5.940000 -0.077856 -2.436523 -1.826157 0.478807 1.110851 -9.319862 -0.556663 0.000000
5.950000 -0.033455 -2.454785 -1.347350 0.478703 1.017652 -9.381713 -0.512158 0.000000
5.960000 0.009405 -2.468258 -0.868647 0.475796 0.923835 -9.438620 -0.466391 0.000000
5.970000 0.050687 -2.476945 -0.392851 0.470211 0.829449 -9.490441 -0.419525 0.000000
5.980000 0.090607 -2.480873 0.077360 0.462326 0.734545 -9.537055 -0.371719 0.000000
5.990000 0.129129 -2.480100 0.539686 0.452263 0.639174 -9.578357 -0.323134 0.000000
6.000000 0.166303 -2.474703 0.991949 0.440220 0.543391 -9.614261 -0.273916 0.000000
6.010000 0.202172 -2.464783 1.432169 0.426385 0.447248 -9.644696 -0.224213 0.000000
6.020000 0.236960 -2.450462 1.858554 0.411125 0.350801 -9.669608 -0.174165 0.000000
6.030000 0.270493 -2.431876 2.269679 0.394400 0.254105 -9.688960 -0.123908 0.000000
6.040000 0.302727 -2.409179 2.664079 0.376291 0.157215 -9.702728 -0.073563 0.000000
6.050000 0.333816 -2.382539 3.040370 0.357074 0.060188 -9.710901 -0.023258 0.000000
6.060000 0.363796 -2.352135 3.397444 0.336914 -0.036921 -9.713486 0.026882 0.000000
6.070000 0.392704 -2.318160 3.734359 0.315961 -0.134056 -9.710499 0.076743 0.000000
6.080000 0.420571 -2.280817 4.050320 0.294355 -0.231161 -9.701972 0.126217 0.000000
6.090000 0.448302 -2.240314 4.344674 0.273102 -0.328181 -9.687948 0.175201 0.000000
6.100000 0.474247 -2.196867 4.617776 0.250649 -0.425060 -9.668481 0.223598 0.000000
6.110000 0.499249 -2.150689 4.868424 0.227888 -0.521745 -9.643637 0.271361 0.000000
6.120000 0.524231 -2.102005 5.096312 0.205864 -0.618181 -9.613485 0.318367 0.000000
6.130000 0.547897 -2.051042 5.302176 0.183363 -0.714316 -9.578111 0.364534 0.000000
6.140000 0.570307 -1.998020 5.485540 0.160474 -0.810097 -9.537608 0.409833 0.000000
6.150000 0.593650 -1.943165 5.646014 0.139474 -0.905473 -9.492071 0.454177 0.000000
6.160000 0.614490 -1.886704 5.785487 0.117009 -1.000394 -9.441606 0.497481 0.000000
6.170000 0.636730 -1.828850 5.902496 0.096953 -1.094810 -9.386331 0.539777 0.000000
6.180000 0.656088 -1.769825 5.999449 0.075157 -1.188673 -9.326356 0.580931 0.000000
6.190000 0.677353 -1.709830 6.074606 0.056350 -1.281937 -9.261808 0.621002 0.000000
6.200000 0.695322 -1.649084 6.130956 0.035475 -1.374555 -9.192807 0.659847 0.000000
6.210000 0.715722 -1.587775 6.166431 0.018166 -1.466483 -9.119491 0.697556 0.000000
6.220000 0.735844 -1.526110 6.184597 0.001871 -1.557678 -9.041985 0.733973 0.000000
6.230000 0.751865 -1.464264 6.186468 -0.017356 -1.648098 -8.960432 0.769221 0.000000
6.240000 0.771276 -1.402400 6.169112 -0.032027 -1.737702 -8.874963 0.803303 0.000000
6.250000 0.790469 -1.340708 6.137085 -0.045561 -1.826452 -8.785707 0.836029 0.000000
6.260000 0.809437 -1.279338 6.091525 -0.058139 -1.914309 -8.692815 0.867575 0.000000
6.270000 0.818050 -1.218422 6.033386 -0.079909 -2.001237 -8.596418 0.897960 0.000000
6.280000 0.826059 -1.158088 5.953476 -0.101134 -2.087201 -8.496644 0.927194 0.000000
6.290000 0.833520 -1.098554 5.852342 -0.121264 -2.172167 -8.393623 0.954784 0.000000
6.300000 0.840410 -1.040030 5.731077 -0.140291 -2.256104 -8.287536 0.980702 0.000000
6.310000 0.846757 -0.982720 5.590786 -0.158192 -2.338979 -8.178569 1.004949 0.000000
6.320000 0.852573 -0.926812 5.432595 -0.174960 -2.420765 -8.066908 1.027533 0.000000
6.330000 0.857868 -0.872486 5.257635 -0.190596 -2.501434 -7.952738 1.048463 0.000000
6.340000 0.862654 -0.819909 5.067039 -0.205101 -2.580961 -7.836242 1.067756 0.000000
6.350000 0.866943 -0.769239 4.861938 -0.218484 -2.659324 -7.717602 1.085427 0.000000
6.360000 0.870745 -0.720620 4.643454 -0.230753 -2.736500 -7.596999 1.101498 0.000000
6.370000 0.874071 -0.674185 4.412701 -0.241922 -2.812470 -7.474611 1.115993 0.000000
6.380000 0.876931 -0.630058 4.170779 -0.252006 -2.887216 -7.350611 1.128937 0.000000
6.390000 0.879335 -0.588350 3.918773 -0.261024 -2.960722 -7.225174 1.140359 0.000000
6.400000 0.881294 -0.549163 3.657750 -0.268996 -3.032974 -7.098467 1.150290 0.000000
6.410000 0.882817 -0.512585 3.388754 -0.275947 -3.103958 -6.970657 1.158764 0.000000
6.420000 0.883914 -0.478698 3.112807 -0.281900 -3.173665 -6.841906 1.165814 0.000000
6.430000 0.884594 -0.447569 2.830907 -0.286883 -3.242084 -6.712371 1.171477 0.000000
6.440000 0.884868 -0.419260 2.544024 -0.290925 -3.309208 -6.582207 1.175793 0.000000
6.450000 0.884744 -0.393820 2.253100 -0.294055 -3.375030 -6.451563 1.178798 0.000000
6.460000 0.884231 -0.371289 1.959045 -0.296305 -3.439545 -6.320586 1.180536 0.000000
6.470000 0.883339 -0.351699 1.662740 -0.297707 -3.502751 -6.189415 1.181046 0.000000
6.480000 0.882077 -0.335071 1.365033 -0.298294 -3.564645 -6.058188 1.180371 0.000000
6.490000 0.880453 -0.321421 1.066739 -0.298101 -3.625227 -5.927035 1.178555 0.000000
6.500000 0.878478 -0.310754 0.768638 -0.297163 -3.684498 -5.796085 1.175640 0.000000
6.510000 0.876159 -0.303067 0.471475 -0.295513 -3.742458 -5.665458 1.171672 0.000000
6.520000 0.873506 -0.298352 0.175962 -0.293189 -3.799113 -5.535272 1.166694 0.000000
6.530000 0.870527 -0.296593 -0.117227 -0.290225 -3.854466 -5.405640 1.160752 0.000000
6.540000 0.867231 -0.297765 -0.407452 -0.286658 -3.908522 -5.276667 1.153889 0.000000
6.550000 0.863627 -0.301840 -0.694110 -0.282523 -3.961289 -5.148457 1.146150 0.000000
6.560000 0.859723 -0.308781 -0.976634 -0.277856 -4.012773 -5.021107 1.137580 0.000000
6.570000 0.855529 -0.318547 -1.254490 -0.272693 -4.062984 -4.894710 1.128222 0.000000
6.580000 0.851052 -0.331092 -1.527183 -0.267068 -4.111931 -4.769352 1.118120 0.000000
6.590000 0.846301 -0.346364 -1.794251 -0.261017 -4.159625 -4.645116 1.107318 0.000000
6.600000 0.841287 -0.364306 -2.055268 -0.254572 -4.206076 -4.522081 1.095859 0.000000
6.610000 0.836016 -0.384859 -2.309840 -0.247767 -4.251297 -4.400319 1.083783 0.000000
6.620000 0.830493 -0.407957 -2.557608 -0.240640 -4.295300 -4.279898 1.071133 0.000000
6.630000 0.824736 -0.433533 -2.798248 -0.233214 -4.338099 -4.160883 1.057950 0.000000
6.640000 0.818745 -0.461516 -3.031463 -0.225529 -4.379708 -4.043333 1.044273 0.000000
6.650000 0.812531 -0.491831 -3.256991 -0.217611 -4.420141 -3.927303 1.030142 0.000000
6.660000 0.806103 -0.524400 -3.474602 -0.209490 -4.459414 -3.812843 1.015593 0.000000
6.670000 0.799469 -0.559146 -3.684092 -0.201197 -4.497543 -3.699999 1.000666 0.000000
6.680000 0.792636 -0.595987 -3.885289 -0.192758 -4.534543 -3.588814 0.985394 0.000000
6.690000 0.785614 -0.634840 -4.078047 -0.184201 -4.570431 -3.479326 0.969815 0.000000
6.700000 0.778410 -0.675621 -4.262249 -0.175552 -4.605224 -3.371569 0.953962 0.000000
6.710000 0.771032 -0.718243 -4.437801 -0.166835 -4.638940 -3.265573 0.937867 0.000000
6.720000 0.763488 -0.762621 -4.604636 -0.158075 -4.671596 -3.161365 0.921563 0.000000
6.730000 0.755786 -0.808668 -4.762711 -0.149294 -4.703209 -3.058970 0.905080 0.000000
6.740000 0.747934 -0.856295 -4.912005 -0.140514 -4.733799 -2.958405 0.888448 0.000000
6.750000 0.739940 -0.905415 -5.052520 -0.131756 -4.763383 -2.859689 0.871696 0.000000
6.760000 0.731812 -0.955940 -5.184275 -0.123039 -4.791980 -2.762834 0.854850 0.000000
6.770000 0.723556 -1.007783 -5.307314 -0.114381 -4.819608 -2.667850 0.837938 0.000000
6.780000 0.715181 -1.060856 -5.421695 -0.105802 -4.846287 -2.574746 0.820983 0.000000
6.790000 0.706694 -1.115073 -5.527497 -0.097316 -4.872034 -2.483526 0.804010 0.000000
6.800000 0.698102 -1.170348 -5.624813 -0.088940 -4.896869 -2.394191 0.787042 0.000000
6.810000 0.689413 -1.226596 -5.713753 -0.080687 -4.920811 -2.306742 0.770099 0.000000
6.820000 0.680633 -1.283733 -5.794440 -0.072571 -4.943879 -2.221175 0.753203 0.000000
6.830000 0.671770 -1.341678 -5.867010 -0.064603 -4.966090 -2.137486 0.736373 0.000000
6.840000 0.662830 -1.400348 -5.931614 -0.056797 -4.987465 -2.055667 0.719627 0.000000
6.850000 0.653821 -1.459664 -5.988411 -0.049161 -5.008022 -1.975708 0.702982 0.000000
6.860000 0.644749 -1.519548 -6.037572 -0.041705 -5.027779 -1.897599 0.686454 0.000000
6.870000 0.635621 -1.579924 -6.079277 -0.034438 -5.046755 -1.821327 0.670059 0.000000
6.880000 0.626442 -1.640717 -6.113715 -0.027368 -5.064968 -1.746876 0.653810 0.000000
6.890000 0.617221 -1.701854 -6.141083 -0.020500 -5.082437 -1.674230 0.637721 0.000000
6.900000 0.607962 -1.763265 -6.161583 -0.013841 -5.099179 -1.603372 0.621803 0.000000
6.910000 0.598671 -1.824880 -6.175425 -0.007397 -5.115213 -1.534283 0.606068 0.000000
6.920000 0.589356 -1.886635 -6.182821 -0.001170 -5.130556 -1.466942 0.590526 0.000000
6.930000 0.580021 -1.948463 -6.183991 0.004835 -5.145225 -1.401328 0.575186 0.000000
6.940000 0.570672 -2.010303 -6.179157 0.010615 -5.159239 -1.337418 0.560057 0.000000
6.950000 0.561315 -2.072094 -6.168542 0.016168 -5.172613 -1.275190 0.545147 0.000000
6.960000 0.551955 -2.133780 -6.152374 0.021493 -5.185365 -1.214618 0.530462 0.000000
6.970000 0.542598 -2.195304 -6.130880 0.026590 -5.197511 -1.155678 0.516008 0.000000
6.980000 0.533245 -2.256612 -6.104291 0.031453 -5.209068 -1.098343 0.501792 0.000000
6.990000 0.523908 -2.317655 -6.072837 0.036091 -5.220051 -1.042589 0.487816 0.000000
7.000000 0.514588 -2.378384 -6.036746 0.040502 -5.230477 -0.988387 0.474087 0.000000
7.010000 0.505291 -2.438751 -5.996244 0.044685 -5.240361 -0.935711 0.460605 0.000000
7.020000 0.496020 -2.498714 -5.951559 0.048644 -5.249718 -0.884532 0.447376 0.000000
7.030000 0.486780 -2.558229 -5.902915 0.052380 -5.258563 -0.834824 0.434400 0.000000
7.040000 0.477575 -2.617258 -5.850536 0.055896 -5.266912 -0.786557 0.421679 0.000000
7.050000 0.468410 -2.675764 -5.794639 0.059196 -5.274777 -0.739704 0.409214 0.000000
7.060000 0.459288 -2.733710 -5.735444 0.062282 -5.282174 -0.694236 0.397007 0.000000
7.070000 0.450214 -2.791065 -5.673162 0.065158 -5.289117 -0.650124 0.385056 0.000000
7.080000 0.441191 -2.847796 -5.608004 0.067830 -5.295618 -0.607340 0.373361 0.000000
7.090000 0.432222 -2.903876 -5.540174 0.070300 -5.301691 -0.565855 0.361922 0.000000
7.100000 0.423311 -2.959278 -5.469875 0.072573 -5.307350 -0.525642 0.350738 0.000000
7.110000 0.414462 -3.013977 -5.397301 0.074655 -5.312606 -0.486671 0.339806 0.000000
7.120000 0.405677 -3.067950 -5.322646 0.076551 -5.317473 -0.448915 0.329126 0.000000
7.130000 0.396959 -3.121176 -5.246095 0.078265 -5.321962 -0.412345 0.318694 0.000000
7.140000 0.388312 -3.173637 -5.167831 0.079803 -5.326085 -0.376935 0.308509 0.000000
7.150000 0.379737 -3.225315 -5.088028 0.081170 -5.329855 -0.342656 0.298567 0.000000
7.160000 0.371239 -3.276196 -5.006858 0.082372 -5.333281 -0.309482 0.288866 0.000000
7.170000 0.362818 -3.326264 -4.924485 0.083416 -5.336376 -0.277386 0.279403 0.000000
7.180000 0.354478 -3.375509 -4.841070 0.084305 -5.339150 -0.246341 0.270173 0.000000
7.190000 0.346221 -3.423920 -4.756765 0.085047 -5.341613 -0.216322 0.261174 0.000000
7.200000 0.338048 -3.471487 -4.671718 0.085647 -5.343777 -0.187302 0.252401 0.000000
7.210000 0.329962 -3.518205 -4.586071 0.086111 -5.345650 -0.159258 0.243852 0.000000
7.220000 0.321965 -3.564065 -4.499960 0.086444 -5.347242 -0.132163 0.235521 0.000000
7.230000 0.314058 -3.609065 -4.413516 0.086654 -5.348564 -0.105994 0.227404 0.000000
7.240000 0.306243 -3.653200 -4.326862 0.086744 -5.349624 -0.080727 0.219499 0.000000
7.250000 0.298521 -3.696469 -4.240118 0.086722 -5.350431 -0.056338 0.211799 0.000000
7.260000 0.290895 -3.738870 -4.153396 0.086593 -5.350994 -0.032805 0.204302 0.000000
7.270000 0.283364 -3.780404 -4.066803 0.086362 -5.351323 -0.010105 0.197002 0.000000
7.280000 0.275931 -3.821072 -3.980441 0.086036 -5.351424 0.011784 0.189895 0.000000
7.290000 0.268596 -3.860876 -3.894405 0.085619 -5.351306 0.032884 0.182977 0.000000
7.300000 0.261360 -3.899820 -3.808786 0.085117 -5.350977 0.053214 0.176243 0.000000
7.310000 0.254224 -3.937908 -3.723669 0.084535 -5.350445 0.072797 0.169689 0.000000
7.320000 0.247190 -3.975145 -3.639133 0.083879 -5.349717 0.091651 0.163311 0.000000
7.330000 0.240257 -4.011536 -3.555254 0.083153 -5.348800 0.109797 0.157104 0.000000
7.340000 0.233427 -4.047089 -3.472101 0.082363 -5.347702 0.127253 0.151063 0.000000
7.350000 0.226693 -4.081810 -3.389738 0.081507 -5.346430 0.144038 0.145186 0.000000
7.360000 0.220069 -4.115707 -3.308231 0.080602 -5.344989 0.160170 0.139466 0.000000
7.370000 0.213548 -4.148789 -3.227628 0.079647 -5.343388 0.175666 0.133901 0.000000
7.380000 0.207131 -4.181066 -3.147981 0.078646 -5.341631 0.190544 0.128485 0.000000
7.390000 0.200817 -4.212546 -3.069335 0.077602 -5.339726 0.204820 0.123215 0.000000
7.400000 0.194608 -4.243239 -2.991733 0.076521 -5.337677 0.218510 0.118087 0.000000
7.410000 0.188503 -4.273156 -2.915212 0.075406 -5.335492 0.231631 0.113097 0.000000
7.420000 0.182502 -4.302308 -2.839806 0.074260 -5.333176 0.244197 0.108242 0.000000
7.430000 0.176605 -4.330706 -2.765546 0.073088 -5.330734 0.256224 0.103517 0.000000
7.440000 0.170812 -4.358362 -2.692457 0.071893 -5.328172 0.267726 0.098918 0.000000
7.450000 0.165122 -4.385286 -2.620564 0.070678 -5.325494 0.278717 0.094443 0.000000
7.460000 0.159535 -4.411492 -2.549886 0.069447 -5.322707 0.289211 0.090088 0.000000
7.470000 0.154051 -4.436991 -2.480439 0.068202 -5.319815 0.299221 0.085849 0.000000
7.480000 0.148669 -4.461795 -2.412237 0.066946 -5.316823 0.308759 0.081723 0.000000
7.490000 0.143390 -4.485918 -2.345291 0.065683 -5.313735 0.317840 0.077707 0.000000
7.500000 0.138212 -4.509371 -2.279608 0.064414 -5.310557 0.326474 0.073798 0.000000
7.510000 0.133134 -4.532167 -2.215194 0.063141 -5.307292 0.334674 0.069993 0.000000
7.520000 0.128157 -4.554319 -2.152052 0.061869 -5.303946 0.342451 0.066288 0.000000
7.530000 0.123263 -4.575839 -2.090184 0.060581 -5.300521 0.349816 0.062682 0.000000
7.540000 0.118477 -4.596741 -2.029603 0.059306 -5.297023 0.356781 0.059170 0.000000
7.550000 0.113799 -4.617037 -1.970296 0.058048 -5.293455 0.363355 0.055751 0.000000
7.560000 0.109179 -4.636740 -1.912248 0.056757 -5.289822 0.369550 0.052422 0.000000
7.570000 0.104657 -4.655862 -1.855491 0.055476 -5.286126 0.375374 0.049180 0.000000
7.580000 0.100217 -4.674417 -1.800015 0.054195 -5.282372 0.380839 0.046023 0.000000
7.590000 0.095846 -4.692417 -1.745821 0.052900 -5.278564 0.385952 0.042946 0.000000
7.600000 0.091547 -4.709876 -1.692921 0.051599 -5.274704 0.390724 0.039948 0.000000
7.610000 0.087315 -4.726805 -1.641322 0.050290 -5.270797 0.395163 0.037025 0.000000
7.620000 0.083156 -4.743218 -1.591032 0.048982 -5.266846 0.399277 0.034174 0.000000
7.630000 0.079064 -4.759128 -1.542050 0.047673 -5.262853 0.403074 0.031391 0.000000
7.640000 0.075039 -4.774549 -1.494378 0.046364 -5.258822 0.406562 0.028675 0.000000
7.650000 0.071070 -4.789493 -1.448013 0.045049 -5.254756 0.409748 0.026021 0.000000
7.660000 0.067162 -4.803973 -1.402964 0.043734 -5.250659 0.412639 0.023428 0.000000
7.670000 0.063310 -4.818002 -1.359230 0.042418 -5.246533 0.415242 0.020891 0.000000
7.680000 0.059507 -4.831595 -1.316812 0.041098 -5.242380 0.417563 0.018409 0.000000
7.690000 0.055745 -4.844763 -1.275713 0.039768 -5.238204 0.419609 0.015978 0.000000
7.700000 0.052016 -4.857520 -1.235946 0.038422 -5.234008 0.421384 0.013594 0.000000
7.710000 0.048318 -4.869880 -1.197524 0.037062 -5.229795 0.422895 0.011256 0.000000
7.720000 0.044660 -4.881855 -1.160461 0.035702 -5.225566 0.424145 0.008958 0.000000
7.730000 0.041080 -4.893459 -1.124759 0.034382 -5.221324 0.425141 0.006697 0.000000
7.740000 0.037588 -4.904707 -1.090377 0.033117 -5.217073 0.425885 0.004471 0.000000
7.750000 0.034157 -4.915611 -1.057260 0.031879 -5.212814 0.426382 0.002278 0.000000
7.760000 0.030761 -4.926183 -1.025381 0.030642 -5.208550 0.426635 0.000119 0.000000
7.770000 0.027353 -4.936437 -0.994739 0.029362 -5.204284 0.426648 -0.002009 0.000000
7.780000 0.023885 -4.946385 -0.965377 0.027992 -5.200017 0.426425 -0.004108 0.000000
7.790000 0.020573 -4.956038 -0.937385 0.026755 -5.195753 0.425968 -0.006182 0.000000
7.800000 0.017400 -4.965412 -0.910630 0.025639 -5.191493 0.425281 -0.008239 0.000000
7.810000 0.014254 -4.974518 -0.884990 0.024530 -5.187240 0.424366 -0.010275 0.000000
7.820000 0.011084 -4.983368 -0.860461 0.023371 -5.182997 0.423224 -0.012287 0.000000
7.830000 0.007822 -4.991973 -0.837090 0.022099 -5.178765 0.421859 -0.014277 0.000000
7.840000 0.004895 -5.000344 -0.814991 0.021145 -5.174546 0.420273 -0.016250 0.000000
7.850000 0.001975 -5.008494 -0.793846 0.020187 -5.170343 0.418467 -0.018213 0.000000
7.860000 -0.001081 -5.016432 -0.773659 0.019073 -5.166159 0.416443 -0.020153 0.000000
7.870000 -0.004053 -5.024169 -0.754587 0.018021 -5.161994 0.414204 -0.022074 0.000000
7.880000 -0.006611 -5.031715 -0.736566 0.017373 -5.157852 0.411752 -0.023983 0.000000
7.890000 -0.009444 -5.039080 -0.719193 0.016438 -5.153735 0.409087 -0.025882 0.000000
7.900000 -0.012383 -5.046272 -0.702755 0.015367 -5.149644 0.406211 -0.027750 0.000000
7.910000 -0.014942 -5.053300 -0.687388 0.014663 -5.145582 0.403128 -0.029605 0.000000
7.920000 -0.017495 -5.060174 -0.672726 0.013960 -5.141550 0.399838 -0.031455 0.000000
7.930000 -0.019982 -5.066901 -0.658765 0.013302 -5.137552 0.396343 -0.033284 0.000000
7.940000 -0.022365 -5.073489 -0.645463 0.012727 -5.133589 0.392645 -0.035093 0.000000
7.950000 -0.024741 -5.079943 -0.632736 0.012140 -5.129662 0.388746 -0.036880 0.000000
7.960000 -0.027608 -5.086271 -0.620597 0.011036 -5.125775 0.384648 -0.038644 0.000000
7.970000 -0.031382 -5.092477 -0.609560 0.009004 -5.121928 0.380354 -0.040386 0.000000
7.980000 -0.034071 -5.098572 -0.600556 0.008062 -5.118125 0.375867 -0.042133 0.000000
7.990000 -0.036677 -5.104578 -0.592494 0.007256 -5.114366 0.371185 -0.043933 0.000000
8.000000 -0.039141 -5.110503 -0.585238 0.006596 -5.110654 0.366304 -0.045737 0.000000
8.010000 -0.041684 -5.116355 -0.578643 0.005855 -5.106991 0.361222 -0.047539 0.000000
8.020000 -0.045810 -5.122141 -0.572788 0.003524 -5.103379 0.355940 -0.049334 0.000000
8.030000 -0.048318 -5.127869 -0.569264 0.002809 -5.099819 0.350458 -0.051127 0.000000
8.040000 -0.050550 -5.133562 -0.566454 0.002449 -5.096315 0.344778 -0.052999 0.000000
8.050000 -0.051447 -5.139227 -0.564005 0.003426 -5.092867 0.338889 -0.054873 0.000000
8.059999 -0.051205 -5.144867 -0.560579 0.005529 -5.089478 0.332792 -0.056735 0.000000
8.070000 -0.050460 -5.150472 -0.555050 0.008055 -5.086150 0.326488 -0.058516 0.000000
8.080000 -0.049497 -5.156023 -0.546995 0.010660 -5.082885 0.319986 -0.060157 0.000000
8.090000 -0.048426 -5.161493 -0.536335 0.013208 -5.079686 0.313302 -0.061633 0.000000
8.099999 -0.047308 -5.166856 -0.523127 0.015626 -5.076553 0.306454 -0.062934 0.000000
8.110000 -0.046150 -5.172087 -0.507501 0.017905 -5.073488 0.299461 -0.064055 0.000000
8.120000 -0.044998 -5.177162 -0.489596 0.020000 -5.070493 0.292344 -0.064998 0.000000
8.130000 -0.043853 -5.182058 -0.469596 0.021911 -5.067570 0.285122 -0.065764 0.000000
8.139999 -0.042728 -5.186754 -0.447685 0.023630 -5.064719 0.277815 -0.066358 0.000000
8.150000 -0.037997 -5.191231 -0.424054 0.028787 -5.061941 0.270442 -0.066784 0.000000
8.160000 -0.037575 -5.195472 -0.395267 0.029473 -5.059236 0.263021 -0.067047 0.000000
8.170000 -0.040981 -5.199424 -0.365795 0.025992 -5.056606 0.255572 -0.066973 0.000000
8.179999 -0.036101 -5.203082 -0.339802 0.030672 -5.054050 0.248130 -0.066773 0.000000
8.190000 -0.035723 -5.206480 -0.309130 0.030932 -5.051569 0.240711 -0.066655 0.000000
8.200000 -0.035339 -5.209572 -0.278198 0.030880 -5.049162 0.233305 -0.066220 0.000000
8.210000 -0.034954 -5.212354 -0.247318 0.030724 -5.046829 0.225947 -0.065678 0.000000
8.220000 -0.034569 -5.214827 -0.216594 0.030475 -5.044569 0.218650 -0.065044 0.000000
8.230000 -0.034186 -5.216993 -0.186119 0.030140 -5.042383 0.211422 -0.064327 0.000000
8.240000 -0.033806 -5.218854 -0.155979 0.029723 -5.040269 0.204275 -0.063530 0.000000
8.250000 -0.033431 -5.220414 -0.126255 0.029228 -5.038226 0.197216 -0.062659 0.000000
8.260000 -0.033062 -5.221676 -0.097027 0.028658 -5.036254 0.190254 -0.061721 0.000000
8.270000 -0.032700 -5.222647 -0.068368 0.028019 -5.034351 0.183396 -0.060720 0.000000
8.280000 -0.032346 -5.223330 -0.040349 0.027316 -5.032517 0.176650 -0.059662 0.000000
8.290000 -0.031998 -5.223734 -0.013033 0.026555 -5.030751 0.170020 -0.058553 0.000000
8.300000 -0.031657 -5.223864 0.013522 0.025741 -5.029050 0.163515 -0.057398 0.000000
8.309999 -0.031323 -5.223729 0.039263 0.024880 -5.027415 0.157137 -0.056203 0.000000
8.320000 -0.030994 -5.223336 0.064143 0.023978 -5.025844 0.150892 -0.054972 0.000000
8.330000 -0.030670 -5.222695 0.088122 0.023041 -5.024335 0.144784 -0.053711 0.000000
8.340000 -0.030350 -5.221814 0.111163 0.022073 -5.022887 0.138816 -0.052423 0.000000
8.349999 -0.030033 -5.220702 0.133236 0.021081 -5.021499 0.132991 -0.051114 0.000000
8.360000 -0.029719 -5.219370 0.154317 0.020069 -5.020169 0.127312 -0.049789 0.000000
8.370000 -0.029407 -5.217826 0.174386 0.019043 -5.018896 0.121780 -0.048450 0.000000
8.380000 -0.029096 -5.216083 0.193429 0.018007 -5.017678 0.116397 -0.047102 0.000000
8.389999 -0.028784 -5.214148 0.211436 0.016965 -5.016514 0.111163 -0.045749 0.000000
8.400000 -0.028472 -5.212034 0.228401 0.015923 -5.015403 0.106080 -0.044395 0.000000
8.410000 -0.028158 -5.209750 0.244324 0.014884 -5.014342 0.101147 -0.043042 0.000000
8.420000 -0.027842 -5.207307 0.259208 0.013852 -5.013330 0.096365 -0.041693 0.000000
8.429999 -0.027522 -5.204715 0.273060 0.012829 -5.012367 0.091732 -0.040352 0.000000
8.440000 -0.027200 -5.201984 0.285889 0.011821 -5.011449 0.087249 -0.039021 0.000000
8.450000 -0.026873 -5.199125 0.297710 0.010829 -5.010577 0.082913 -0.037702 0.000000
8.460000 -0.026541 -5.196148 0.308539 0.009856 -5.009748 0.078724 -0.036397 0.000000
8.470000 -0.026205 -5.193063 0.318395 0.008904 -5.008960 0.074680 -0.035109 0.000000
8.480000 -0.025864 -5.189879 0.327299 0.007976 -5.008214 0.070779 -0.033840 0.000000
8.490000 -0.025517 -5.186606 0.335275 0.007073 -5.007506 0.067019 -0.032590 0.000000
8.500000 -0.025164 -5.183253 0.342348 0.006198 -5.006836 0.063398 -0.031362 0.000000
8.510000 -0.024806 -5.179829 0.348546 0.005350 -5.006202 0.059913 -0.030157 0.000000
8.520000 -0.024443 -5.176344 0.353896 0.004532 -5.005603 0.056562 -0.028975 0.000000
8.530000 -0.024074 -5.172805 0.358429 0.003745 -5.005037 0.053343 -0.027819 0.000000
8.540000 -0.023699 -5.169221 0.362174 0.002989 -5.004504 0.050252 -0.026688 0.000000
8.550000 -0.023319 -5.165599 0.365163 0.002264 -5.004001 0.047286 -0.025583 0.000000
8.559999 -0.022934 -5.161947 0.367427 0.001572 -5.003528 0.044444 -0.024506 0.000000
8.570000 -0.022544 -5.158273 0.368999 0.000912 -5.003084 0.041721 -0.023456 0.000000
8.580000 -0.022150 -5.154583 0.369910 0.000284 -5.002667 0.039115 -0.022433 0.000000
8.590000 -0.021751 -5.150884 0.370194 -0.000312 -5.002275 0.036622 -0.021439 0.000000
8.599999 -0.021349 -5.147182 0.369882 -0.000875 -5.001909 0.034240 -0.020474 0.000000
8.610000 -0.020943 -5.143483 0.369006 -0.001407 -5.001567 0.031965 -0.019536 0.000000
8.620000 -0.020535 -5.139793 0.367599 -0.001907 -5.001247 0.029795 -0.018627 0.000000
8.630000 -0.020123 -5.136117 0.365692 -0.002377 -5.000949 0.027725 -0.017746 0.000000
8.639999 -0.019710 -5.132460 0.363315 -0.002816 -5.000672 0.025753 -0.016894 0.000000
8.650000 -0.019295 -5.128827 0.360499 -0.003226 -5.000414 0.023876 -0.016069 0.000000
8.660000 -0.018878 -5.125222 0.357273 -0.003606 -5.000176 0.022091 -0.015272 0.000000
8.670000 -0.018461 -5.121649 0.353667 -0.003958 -4.999955 0.020394 -0.014502 0.000000
8.679999 -0.018043 -5.118113 0.349709 -0.004283 -4.999751 0.018782 -0.013760 0.000000
8.690000 -0.017626 -5.114616 0.345426 -0.004582 -4.999563 0.017253 -0.013044 0.000000
8.700000 -0.017209 -5.111161 0.340844 -0.004854 -4.999390 0.015804 -0.012355 0.000000
8.710000 -0.016793 -5.107753 0.335990 -0.005102 -4.999232 0.014431 -0.011691 0.000000
8.720000 -0.016378 -5.104393 0.330888 -0.005326 -4.999088 0.013132 -0.011052 0.000000
8.730000 -0.015966 -5.101084 0.325562 -0.005527 -4.998957 0.011904 -0.010438 0.000000
8.740000 -0.015555 -5.097829 0.320035 -0.005706 -4.998838 0.010744 -0.009849 0.000000
8.750000 -0.015147 -5.094628 0.314329 -0.005864 -4.998730 0.009650 -0.009283 0.000000
8.760000 -0.014743 -5.091485 0.308464 -0.006002 -4.998634 0.008619 -0.008741 0.000000
8.770000 -0.014341 -5.088400 0.302462 -0.006121 -4.998548 0.007647 -0.008221 0.000000
8.780000 -0.013944 -5.085376 0.296341 -0.006221 -4.998471 0.006734 -0.007722 0.000000
8.790000 -0.013550 -5.082412 0.290120 -0.006305 -4.998404 0.005876 -0.007246 0.000000
8.800000 -0.013161 -5.079511 0.283815 -0.006371 -4.998345 0.005071 -0.006790 0.000000
8.809999 -0.012777 -5.076673 0.277444 -0.006423 -4.998294 0.004317 -0.006354 0.000000
8.820000 -0.012397 -5.073898 0.271021 -0.006459 -4.998251 0.003611 -0.005938 0.000000
8.830000 -0.012023 -5.071188 0.264562 -0.006482 -4.998215 0.002951 -0.005541 0.000000
8.840000 -0.011654 -5.068543 0.258081 -0.006492 -4.998185 0.002335 -0.005163 0.000000
8.849999 -0.011291 -5.065962 0.251589 -0.006489 -4.998162 0.001761 -0.004802 0.000000
8.860000 -0.010934 -5.063446 0.245100 -0.006475 -4.998145 0.001228 -0.004459 0.000000
8.870000 -0.010583 -5.060995 0.238624 -0.006451 -4.998132 0.000732 -0.004132 0.000000
8.880000 -0.010238 -5.058609 0.232173 -0.006417 -4.998125 0.000273 -0.003821 0.000000
8.889999 -0.009899 -5.056287 0.225757 -0.006373 -4.998122 -0.000151 -0.003526 0.000000
8.900000 -0.009567 -5.054029 0.219383 -0.006321 -4.998124 -0.000543 -0.003246 0.000000
8.910000 -0.009241 -5.051836 0.213062 -0.006261 -4.998129 -0.000904 -0.002980 0.000000
8.920000 -0.008923 -5.049705 0.206801 -0.006194 -4.998138 -0.001235 -0.002728 0.000000
8.929999 -0.008611 -5.047637 0.200606 -0.006121 -4.998151 -0.001538 -0.002490 0.000000
8.940000 -0.008306 -5.045631 0.194486 -0.006041 -4.998166 -0.001815 -0.002264 0.000000
8.950000 -0.008007 -5.043686 0.188445 -0.005956 -4.998184 -0.002066 -0.002051 0.000000
8.960000 -0.007716 -5.041802 0.182488 -0.005866 -4.998205 -0.002294 -0.001850 0.000000
8.970000 -0.007432 -5.039977 0.176622 -0.005772 -4.998228 -0.002500 -0.001660 0.000000
8.980000 -0.007155 -5.038210 0.170851 -0.005673 -4.998253 -0.002684 -0.001481 0.000000
8.990000 -0.006884 -5.036502 0.165177 -0.005572 -4.998279 -0.002849 -0.001313 0.000000
9.000000 -0.006621 -5.034850 0.159606 -0.005467 -4.998308 -0.002995 -0.001154 0.000000
9.010000 -0.006365 -5.033254 0.154139 -0.005359 -4.998338 -0.003123 -0.001006 0.000000
9.020000 -0.006115 -5.031713 0.148780 -0.005249 -4.998369 -0.003234 -0.000866 0.000000
9.030000 -0.005873 -5.030225 0.143530 -0.005138 -4.998401 -0.003331 -0.000735 0.000000
9.040000 -0.005637 -5.028790 0.138393 -0.005024 -4.998435 -0.003412 -0.000613 0.000000
9.050000 -0.005408 -5.027406 0.133368 -0.004910 -4.998469 -0.003480 -0.000498 0.000000
9.059999 -0.005186 -5.026072 0.128458 -0.004794 -4.998504 -0.003536 -0.000392 0.000000
9.070000 -0.004971 -5.024787 0.123664 -0.004678 -4.998539 -0.003579 -0.000292 0.000000
9.080000 -0.004762 -5.023551 0.118986 -0.004562 -4.998575 -0.003612 -0.000200 0.000000
9.090000 -0.004559 -5.022361 0.114424 -0.004445 -4.998611 -0.003634 -0.000114 0.000000
9.099999 -0.004363 -5.021217 0.109979 -0.004329 -4.998647 -0.003647 -0.000035 0.000000
9.110000 -0.004173 -5.020117 0.105650 -0.004212 -4.998684 -0.003651 0.000039 0.000000
9.120000 -0.003990 -5.019060 0.101438 -0.004096 -4.998720 -0.003646 0.000107 0.000000
9.130000 -0.003812 -5.018046 0.097341 -0.003981 -4.998757 -0.003634 0.000169 0.000000
9.139999 -0.003640 -5.017073 0.093360 -0.003867 -4.998793 -0.003616 0.000226 0.000000
9.150000 -0.003475 -5.016139 0.089493 -0.003754 -4.998829 -0.003590 0.000279 0.000000
9.160000 -0.003315 -5.015244 0.085739 -0.003641 -4.998865 -0.003559 0.000327 0.000000
9.170000 -0.003160 -5.014387 0.082098 -0.003530 -4.998901 -0.003523 0.000370 0.000000
9.179999 -0.003011 -5.013566 0.078568 -0.003421 -4.998936 -0.003482 0.000410 0.000000
9.190000 -0.002868 -5.012780 0.075147 -0.003313 -4.998971 -0.003437 0.000445 0.000000
9.200000 -0.002729 -5.012029 0.071834 -0.003206 -4.999005 -0.003387 0.000477 0.000000
9.210000 -0.002596 -5.011310 0.068628 -0.003101 -4.999039 -0.003334 0.000505 0.000000
9.220000 -0.002468 -5.010624 0.065526 -0.002998 -4.999072 -0.003278 0.000530 0.000000
9.230000 -0.002345 -5.009969 0.062528 -0.002897 -4.999105 -0.003219 0.000552 0.000000
9.240000 -0.002226 -5.009343 0.059631 -0.002797 -4.999137 -0.003158 0.000571 0.000000
9.250000 -0.002112 -5.008747 0.056834 -0.002700 -4.999169 -0.003094 0.000588 0.000000
9.260000 -0.002002 -5.008179 0.054134 -0.002604 -4.999200 -0.003029 0.000602 0.000000
9.270000 -0.001897 -5.007637 0.051530 -0.002511 -4.999230 -0.002962 0.000613 0.000000
9.280000 -0.001796 -5.007122 0.049019 -0.002419 -4.999260 -0.002894 0.000623 0.000000
9.290000 -0.001700 -5.006632 0.046600 -0.002330 -4.999289 -0.002825 0.000630 0.000000
9.300000 -0.001607 -5.006166 0.044270 -0.002242 -4.999317 -0.002755 0.000635 0.000000
9.309999 -0.001518 -5.005723 0.042028 -0.002157 -4.999345 -0.002684 0.000639 0.000000
9.320000 -0.001433 -5.005303 0.039871 -0.002074 -4.999371 -0.002613 0.000641 0.000000
9.330000 -0.001351 -5.004904 0.037797 -0.001993 -4.999398 -0.002542 0.000641 0.000000
9.340000 -0.001274 -5.004526 0.035804 -0.001914 -4.999423 -0.002471 0.000640 0.000000
9.349999 -0.001199 -5.004168 0.033890 -0.001837 -4.999448 -0.002399 0.000638 0.000000
9.360000 -0.001128 -5.003829 0.032053 -0.001762 -4.999472 -0.002329 0.000634 0.000000
9.370000 -0.001060 -5.003509 0.030291 -0.001689 -4.999495 -0.002258 0.000630 0.000000
9.380000 -0.000995 -5.003206 0.028602 -0.001619 -4.999517 -0.002188 0.000624 0.000000
9.389999 -0.000933 -5.002920 0.026983 -0.001550 -4.999539 -0.002119 0.000617 0.000000
9.400000 -0.000874 -5.002650 0.025432 -0.001484 -4.999561 -0.002050 0.000610 0.000000
9.410000 -0.000818 -5.002396 0.023948 -0.001419 -4.999581 -0.001982 0.000602 0.000000
9.420000 -0.000764 -5.002156 0.022529 -0.001357 -4.999601 -0.001916 0.000593 0.000000
9.429999 -0.000713 -5.001931 0.021172 -0.001296 -4.999620 -0.001850 0.000583 0.000000
9.440000 -0.000665 -5.001719 0.019876 -0.001238 -4.999639 -0.001785 0.000573 0.000000
9.450000 -0.000618 -5.001520 0.018638 -0.001181 -4.999656 -0.001721 0.000563 0.000000
9.460000 -0.000575 -5.001334 0.017456 -0.001127 -4.999674 -0.001659 0.000552 0.000000
9.469999 -0.000533 -5.001160 0.016330 -0.001074 -4.999690 -0.001597 0.000541 0.000000
9.480000 -0.000494 -5.000996 0.015256 -0.001023 -4.999706 -0.001537 0.000529 0.000000
9.490000 -0.000456 -5.000844 0.014233 -0.000973 -4.999722 -0.001478 0.000517 0.000000
9.500000 -0.000421 -5.000701 0.013260 -0.000926 -4.999736 -0.001421 0.000505 0.000000
9.510000 -0.000387 -5.000569 0.012334 -0.000880 -4.999751 -0.001365 0.000493 0.000000
9.520000 -0.000355 -5.000445 0.011454 -0.000836 -4.999764 -0.001310 0.000480 0.000000
9.530000 -0.000325 -5.000331 0.010619 -0.000793 -4.999777 -0.001257 0.000468 0.000000
9.540000 -0.000297 -5.000225 0.009825 -0.000752 -4.999790 -0.001205 0.000455 0.000000
9.550000 -0.000270 -5.000126 0.009073 -0.000713 -4.999802 -0.001154 0.000443 0.000000
9.559999 -0.000245 -5.000036 0.008360 -0.000675 -4.999813 -0.001105 0.000430 0.000000
9.570000 -0.000221 -4.999952 0.007684 -0.000639 -4.999824 -0.001057 0.000418 0.000000
9.580000 -0.000199 -4.999875 0.007045 -0.000604 -4.999835 -0.001011 0.000405 0.000000
9.590000 -0.000178 -4.999805 0.006441 -0.000571 -4.999845 -0.000966 0.000393 0.000000
9.599999 -0.000158 -4.999740 0.005870 -0.000539 -4.999855 -0.000922 0.000380 0.000000
9.610000 -0.000140 -4.999682 0.005331 -0.000508 -4.999864 -0.000880 0.000368 0.000000
9.620000 -0.000122 -4.999628 0.004823 -0.000479 -4.999873 -0.000839 0.000356 0.000000
9.630000 -0.000106 -4.999580 0.004345 -0.000450 -4.999881 -0.000799 0.000344 0.000000
9.639999 -0.000091 -4.999537 0.003895 -0.000423 -4.999889 -0.000761 0.000332 0.000000
9.650000 -0.000077 -4.999498 0.003471 -0.000398 -4.999897 -0.000724 0.000321 0.000000
9.660000 -0.000064 -4.999463 0.003073 -0.000373 -4.999904 -0.000688 0.000310 0.000000
9.670000 -0.000051 -4.999432 0.002700 -0.000350 -4.999911 -0.000654 0.000298 0.000000
9.679999 -0.000040 -4.999405 0.002351 -0.000327 -4.999917 -0.000621 0.000287 0.000000
9.690000 -0.000029 -4.999382 0.002024 -0.000306 -4.999924 -0.000589 0.000277 0.000000
9.700000 -0.000019 -4.999362 0.001718 -0.000285 -4.999930 -0.000558 0.000266 0.000000
9.710000 -0.000010 -4.999344 0.001432 -0.000266 -4.999935 -0.000529 0.000256 0.000000
9.719999 -0.000002 -4.999330 0.001166 -0.000248 -4.999940 -0.000500 0.000246 0.000000
9.730000 0.000006 -4.999318 0.000919 -0.000230 -4.999945 -0.000473 0.000236 0.000000
9.740000 0.000013 -4.999309 0.000689 -0.000213 -4.999950 -0.000447 0.000226 0.000000
9.750000 0.000020 -4.999302 0.000476 -0.000197 -4.999955 -0.000422 0.000217 0.000000
9.760000 0.000026 -4.999298 0.000278 -0.000182 -4.999959 -0.000397 0.000208 0.000000
9.770000 0.000031 -4.999295 0.000096 -0.000168 -4.999963 -0.000374 0.000199 0.000000
9.780000 0.000036 -4.999294 -0.000072 -0.000155 -4.999967 -0.000352 0.000191 0.000000
9.790000 0.000040 -4.999295 -0.000227 -0.000142 -4.999970 -0.000331 0.000182 0.000000
9.800000 0.000044 -4.999297 -0.000369 -0.000130 -4.999973 -0.000311 0.000174 0.000000
9.809999 0.000048 -4.999300 -0.000499 -0.000118 -4.999977 -0.000291 0.000166 0.000000
9.820000 0.000051 -4.999305 -0.000617 -0.000108 -4.999979 -0.000273 0.000159 0.000000
9.830000 0.000054 -4.999312 -0.000725 -0.000097 -4.999982 -0.000255 0.000151 0.000000
9.840000 0.000056 -4.999319 -0.000822 -0.000088 -4.999985 -0.000239 0.000144 0.000000
9.849999 0.000059 -4.999327 -0.000910 -0.000079 -4.999987 -0.000223 0.000137 0.000000
9.860000 0.000060 -4.999336 -0.000989 -0.000070 -4.999989 -0.000207 0.000131 0.000000
9.870000 0.000062 -4.999346 -0.001059 -0.000062 -4.999991 -0.000193 0.000124 0.000000
9.880000 0.000063 -4.999357 -0.001121 -0.000055 -4.999993 -0.000179 0.000118 0.000000
9.889999 0.000064 -4.999368 -0.001176 -0.000048 -4.999995 -0.000166 0.000112 0.000000
9.900000 0.000065 -4.999380 -0.001224 -0.000041 -4.999997 -0.000153 0.000106 0.000000
9.910000 0.000066 -4.999392 -0.001265 -0.000035 -4.999998 -0.000142 0.000101 0.000000
9.920000 0.000066 -4.999405 -0.001300 -0.000029 -5.000000 -0.000130 0.000095 0.000000
9.929999 0.000066 -4.999418 -0.001329 -0.000024 -5.000001 -0.000120 0.000090 0.000000
9.940000 0.000066 -4.999431 -0.001353 -0.000019 -5.000002 -0.000110 0.000085 0.000000
9.950000 0.000066 -4.999444 -0.001372 -0.000014 -5.000003 -0.000100 0.000081 0.000000
9.960000 0.000066 -4.999458 -0.001387 -0.000010 -5.000004 -0.000091 0.000076 0.000000
9.969999 0.000066 -4.999472 -0.001397 -0.000006 -5.000005 -0.000083 0.000072 0.000000
9.980000 0.000065 -4.999486 -0.001403 -0.000002 -5.000006 -0.000075 0.000068 0.000000
9.990000 0.000065 -4.999500 -0.001405 0.000001 -5.000007 -0.000067 0.000064 0.000000
